2.0 2.0 2.0 2.0 2.0 2.0 2.0 2.0 2.0 2.0 2.0 -1.0 -1.0 -1.0 -1.0 -1.0 -1.0 -1.0 -1.0 2.0 2.0 10.0 -1.0 -1.0 -1.0 9.0 9.0 -1.0 -1.0 2.0 2.0 9.0 -1.0 -1.0 9.0 -1.0 5.0 -1.0 -1.0 2.0 2.0 9.0 -1.0 -1.0 -1.0 -1.0 -1.0 -1.0 -1.0 2.0 2.0 2.0 2.0 2.0 2.0 2.0 4.0 2.0 2.0 2.0 2.0 -1.0 -1.0 -1.0 -1.0 -1.0 -1.0 -1.0 -1.0 2.0 2.0 -1.0 -1.0 -1.0 -1.0 -1.0 -1.0 9.0 -1.0 2.0 2.0 -1.0 -1.0 -1.0 -1.0 -1.0 -1.0 -1.0 8.0 2.0 2.0 2.0 2.0 2.0 2.0 2.0 2.0 2.0 2.0 2.0 
Actions.forward
2.0 2.0 2.0 2.0 2.0 2.0 2.0 2.0 2.0 2.0 2.0 -1.0 -1.0 -1.0 -1.0 -1.0 -1.0 -1.0 -1.0 2.0 2.0 -1.0 -1.0 -1.0 -1.0 9.0 9.0 -1.0 -1.0 2.0 2.0 10.0 -1.0 -1.0 9.0 -1.0 5.0 -1.0 -1.0 2.0 2.0 9.0 -1.0 -1.0 -1.0 -1.0 -1.0 -1.0 -1.0 2.0 2.0 2.0 2.0 2.0 2.0 2.0 4.0 2.0 2.0 2.0 2.0 -1.0 -1.0 -1.0 -1.0 -1.0 -1.0 -1.0 -1.0 2.0 2.0 -1.0 -1.0 -1.0 -1.0 -1.0 -1.0 9.0 -1.0 2.0 2.0 -1.0 -1.0 -1.0 -1.0 -1.0 -1.0 -1.0 8.0 2.0 2.0 2.0 2.0 2.0 2.0 2.0 2.0 2.0 2.0 2.0 
Actions.forward
2.0 2.0 2.0 2.0 2.0 2.0 2.0 2.0 2.0 2.0 2.0 -1.0 -1.0 -1.0 -1.0 -1.0 -1.0 -1.0 -1.0 2.0 2.0 -1.0 -1.0 -1.0 -1.0 9.0 9.0 -1.0 -1.0 2.0 2.0 10.0 -1.0 -1.0 9.0 -1.0 5.0 -1.0 -1.0 2.0 2.0 9.0 -1.0 -1.0 -1.0 -1.0 -1.0 -1.0 -1.0 2.0 2.0 2.0 2.0 2.0 2.0 2.0 4.0 2.0 2.0 2.0 2.0 -1.0 -1.0 -1.0 -1.0 -1.0 -1.0 -1.0 -1.0 2.0 2.0 -1.0 -1.0 -1.0 -1.0 -1.0 -1.0 9.0 -1.0 2.0 2.0 -1.0 -1.0 -1.0 -1.0 -1.0 -1.0 -1.0 8.0 2.0 2.0 2.0 2.0 2.0 2.0 2.0 2.0 2.0 2.0 2.0 
Actions.right
2.0 2.0 2.0 2.0 2.0 2.0 2.0 2.0 2.0 2.0 2.0 -1.0 -1.0 -1.0 -1.0 -1.0 -1.0 -1.0 -1.0 2.0 2.0 -1.0 -1.0 -1.0 -1.0 9.0 9.0 -1.0 -1.0 2.0 2.0 9.0 10.0 -1.0 9.0 -1.0 5.0 -1.0 -1.0 2.0 2.0 9.0 -1.0 -1.0 -1.0 -1.0 -1.0 -1.0 -1.0 2.0 2.0 2.0 2.0 2.0 2.0 2.0 4.0 2.0 2.0 2.0 2.0 -1.0 -1.0 -1.0 -1.0 -1.0 -1.0 -1.0 -1.0 2.0 2.0 -1.0 -1.0 -1.0 -1.0 -1.0 -1.0 9.0 -1.0 2.0 2.0 -1.0 -1.0 -1.0 -1.0 -1.0 -1.0 -1.0 8.0 2.0 2.0 2.0 2.0 2.0 2.0 2.0 2.0 2.0 2.0 2.0 
Actions.forward
2.0 2.0 2.0 2.0 2.0 2.0 2.0 2.0 2.0 2.0 2.0 -1.0 -1.0 -1.0 -1.0 -1.0 -1.0 -1.0 -1.0 2.0 2.0 -1.0 -1.0 -1.0 -1.0 9.0 9.0 -1.0 -1.0 2.0 2.0 9.0 -1.0 10.0 9.0 -1.0 5.0 -1.0 -1.0 2.0 2.0 9.0 -1.0 -1.0 -1.0 -1.0 -1.0 -1.0 -1.0 2.0 2.0 2.0 2.0 2.0 2.0 2.0 4.0 2.0 2.0 2.0 2.0 -1.0 -1.0 -1.0 -1.0 -1.0 -1.0 -1.0 -1.0 2.0 2.0 -1.0 -1.0 -1.0 -1.0 -1.0 -1.0 9.0 -1.0 2.0 2.0 -1.0 -1.0 -1.0 -1.0 -1.0 -1.0 -1.0 8.0 2.0 2.0 2.0 2.0 2.0 2.0 2.0 2.0 2.0 2.0 2.0 
Actions.forward
2.0 2.0 2.0 2.0 2.0 2.0 2.0 2.0 2.0 2.0 2.0 -1.0 -1.0 -1.0 -1.0 -1.0 -1.0 -1.0 -1.0 2.0 2.0 -1.0 -1.0 -1.0 -1.0 9.0 9.0 -1.0 -1.0 2.0 2.0 9.0 -1.0 -1.0 10.0 -1.0 5.0 -1.0 -1.0 2.0 2.0 9.0 -1.0 -1.0 -1.0 -1.0 -1.0 -1.0 -1.0 2.0 2.0 2.0 2.0 2.0 2.0 2.0 4.0 2.0 2.0 2.0 2.0 -1.0 -1.0 -1.0 -1.0 -1.0 -1.0 -1.0 -1.0 2.0 2.0 -1.0 -1.0 -1.0 -1.0 -1.0 -1.0 9.0 -1.0 2.0 2.0 -1.0 -1.0 -1.0 -1.0 -1.0 -1.0 -1.0 8.0 2.0 2.0 2.0 2.0 2.0 2.0 2.0 2.0 2.0 2.0 2.0 
Actions.forward
2.0 2.0 2.0 2.0 2.0 2.0 2.0 2.0 2.0 2.0 2.0 -1.0 -1.0 -1.0 -1.0 -1.0 -1.0 -1.0 -1.0 2.0 2.0 -1.0 -1.0 -1.0 -1.0 9.0 9.0 -1.0 -1.0 2.0 2.0 9.0 -1.0 -1.0 9.0 10.0 5.0 -1.0 -1.0 2.0 2.0 9.0 -1.0 -1.0 -1.0 -1.0 -1.0 -1.0 -1.0 2.0 2.0 2.0 2.0 2.0 2.0 2.0 4.0 2.0 2.0 2.0 2.0 -1.0 -1.0 -1.0 -1.0 -1.0 -1.0 -1.0 -1.0 2.0 2.0 -1.0 -1.0 -1.0 -1.0 -1.0 -1.0 9.0 -1.0 2.0 2.0 -1.0 -1.0 -1.0 -1.0 -1.0 -1.0 -1.0 8.0 2.0 2.0 2.0 2.0 2.0 2.0 2.0 2.0 2.0 2.0 2.0 
Actions.forward
2.0 2.0 2.0 2.0 2.0 2.0 2.0 2.0 2.0 2.0 2.0 -1.0 -1.0 -1.0 -1.0 -1.0 -1.0 -1.0 -1.0 2.0 2.0 -1.0 -1.0 -1.0 -1.0 9.0 9.0 -1.0 -1.0 2.0 2.0 9.0 -1.0 -1.0 9.0 10.0 5.0 -1.0 -1.0 2.0 2.0 9.0 -1.0 -1.0 -1.0 -1.0 -1.0 -1.0 -1.0 2.0 2.0 2.0 2.0 2.0 2.0 2.0 4.0 2.0 2.0 2.0 2.0 -1.0 -1.0 -1.0 -1.0 -1.0 -1.0 -1.0 -1.0 2.0 2.0 -1.0 -1.0 -1.0 -1.0 -1.0 -1.0 9.0 -1.0 2.0 2.0 -1.0 -1.0 -1.0 -1.0 -1.0 -1.0 -1.0 8.0 2.0 2.0 2.0 2.0 2.0 2.0 2.0 2.0 2.0 2.0 2.0 
Actions.forward
2.0 2.0 2.0 2.0 2.0 2.0 2.0 2.0 2.0 2.0 2.0 -1.0 -1.0 -1.0 -1.0 -1.0 -1.0 -1.0 -1.0 2.0 2.0 -1.0 -1.0 -1.0 -1.0 9.0 9.0 -1.0 -1.0 2.0 2.0 9.0 -1.0 -1.0 9.0 10.0 -1.0 -1.0 -1.0 2.0 2.0 9.0 -1.0 -1.0 -1.0 -1.0 -1.0 -1.0 -1.0 2.0 2.0 2.0 2.0 2.0 2.0 2.0 4.0 2.0 2.0 2.0 2.0 -1.0 -1.0 -1.0 -1.0 -1.0 -1.0 -1.0 -1.0 2.0 2.0 -1.0 -1.0 -1.0 -1.0 -1.0 -1.0 9.0 -1.0 2.0 2.0 -1.0 -1.0 -1.0 -1.0 -1.0 -1.0 -1.0 8.0 2.0 2.0 2.0 2.0 2.0 2.0 2.0 2.0 2.0 2.0 2.0 
Actions.pickup
2.0 2.0 2.0 2.0 2.0 2.0 2.0 2.0 2.0 2.0 2.0 -1.0 -1.0 -1.0 -1.0 -1.0 -1.0 -1.0 -1.0 2.0 2.0 -1.0 -1.0 -1.0 -1.0 9.0 9.0 -1.0 -1.0 2.0 2.0 9.0 -1.0 -1.0 9.0 -1.0 10.0 -1.0 -1.0 2.0 2.0 9.0 -1.0 -1.0 -1.0 -1.0 -1.0 -1.0 -1.0 2.0 2.0 2.0 2.0 2.0 2.0 2.0 4.0 2.0 2.0 2.0 2.0 -1.0 -1.0 -1.0 -1.0 -1.0 -1.0 -1.0 -1.0 2.0 2.0 -1.0 -1.0 -1.0 -1.0 -1.0 -1.0 9.0 -1.0 2.0 2.0 -1.0 -1.0 -1.0 -1.0 -1.0 -1.0 -1.0 8.0 2.0 2.0 2.0 2.0 2.0 2.0 2.0 2.0 2.0 2.0 2.0 
Actions.forward
2.0 2.0 2.0 2.0 2.0 2.0 2.0 2.0 2.0 2.0 2.0 -1.0 -1.0 -1.0 -1.0 -1.0 -1.0 -1.0 -1.0 2.0 2.0 -1.0 -1.0 -1.0 -1.0 9.0 9.0 -1.0 -1.0 2.0 2.0 9.0 -1.0 -1.0 9.0 -1.0 10.0 -1.0 -1.0 2.0 2.0 9.0 -1.0 -1.0 -1.0 -1.0 -1.0 -1.0 -1.0 2.0 2.0 2.0 2.0 2.0 2.0 2.0 4.0 2.0 2.0 2.0 2.0 -1.0 -1.0 -1.0 -1.0 -1.0 -1.0 -1.0 -1.0 2.0 2.0 -1.0 -1.0 -1.0 -1.0 -1.0 -1.0 9.0 -1.0 2.0 2.0 -1.0 -1.0 -1.0 -1.0 -1.0 -1.0 -1.0 8.0 2.0 2.0 2.0 2.0 2.0 2.0 2.0 2.0 2.0 2.0 2.0 
Actions.left
2.0 2.0 2.0 2.0 2.0 2.0 2.0 2.0 2.0 2.0 2.0 -1.0 -1.0 -1.0 -1.0 -1.0 -1.0 -1.0 -1.0 2.0 2.0 -1.0 -1.0 -1.0 -1.0 9.0 9.0 -1.0 -1.0 2.0 2.0 9.0 -1.0 -1.0 9.0 -1.0 -1.0 -1.0 -1.0 2.0 2.0 9.0 -1.0 -1.0 -1.0 -1.0 10.0 -1.0 -1.0 2.0 2.0 2.0 2.0 2.0 2.0 2.0 4.0 2.0 2.0 2.0 2.0 -1.0 -1.0 -1.0 -1.0 -1.0 -1.0 -1.0 -1.0 2.0 2.0 -1.0 -1.0 -1.0 -1.0 -1.0 -1.0 9.0 -1.0 2.0 2.0 -1.0 -1.0 -1.0 -1.0 -1.0 -1.0 -1.0 8.0 2.0 2.0 2.0 2.0 2.0 2.0 2.0 2.0 2.0 2.0 2.0 
Actions.forward
2.0 2.0 2.0 2.0 2.0 2.0 2.0 2.0 2.0 2.0 2.0 -1.0 -1.0 -1.0 -1.0 -1.0 -1.0 -1.0 -1.0 2.0 2.0 -1.0 -1.0 -1.0 -1.0 9.0 9.0 -1.0 -1.0 2.0 2.0 9.0 -1.0 -1.0 9.0 -1.0 -1.0 -1.0 -1.0 2.0 2.0 9.0 -1.0 -1.0 -1.0 -1.0 10.0 -1.0 -1.0 2.0 2.0 2.0 2.0 2.0 2.0 2.0 4.0 2.0 2.0 2.0 2.0 -1.0 -1.0 -1.0 -1.0 -1.0 -1.0 -1.0 -1.0 2.0 2.0 -1.0 -1.0 -1.0 -1.0 -1.0 -1.0 9.0 -1.0 2.0 2.0 -1.0 -1.0 -1.0 -1.0 -1.0 -1.0 -1.0 8.0 2.0 2.0 2.0 2.0 2.0 2.0 2.0 2.0 2.0 2.0 2.0 
Actions.pickup
2.0 2.0 2.0 2.0 2.0 2.0 2.0 2.0 2.0 2.0 2.0 -1.0 -1.0 -1.0 -1.0 -1.0 -1.0 -1.0 -1.0 2.0 2.0 -1.0 -1.0 -1.0 -1.0 9.0 9.0 -1.0 -1.0 2.0 2.0 9.0 -1.0 -1.0 9.0 -1.0 -1.0 -1.0 -1.0 2.0 2.0 9.0 -1.0 -1.0 -1.0 -1.0 10.0 -1.0 -1.0 2.0 2.0 2.0 2.0 2.0 2.0 2.0 4.0 2.0 2.0 2.0 2.0 -1.0 -1.0 -1.0 -1.0 -1.0 -1.0 -1.0 -1.0 2.0 2.0 -1.0 -1.0 -1.0 -1.0 -1.0 -1.0 9.0 -1.0 2.0 2.0 -1.0 -1.0 -1.0 -1.0 -1.0 -1.0 -1.0 8.0 2.0 2.0 2.0 2.0 2.0 2.0 2.0 2.0 2.0 2.0 2.0 
Actions.toggle
2.0 2.0 2.0 2.0 2.0 2.0 2.0 2.0 2.0 2.0 2.0 -1.0 -1.0 -1.0 -1.0 -1.0 -1.0 -1.0 -1.0 2.0 2.0 -1.0 -1.0 -1.0 -1.0 9.0 9.0 -1.0 -1.0 2.0 2.0 9.0 -1.0 -1.0 9.0 -1.0 -1.0 -1.0 -1.0 2.0 2.0 9.0 -1.0 -1.0 -1.0 -1.0 -1.0 -1.0 -1.0 2.0 2.0 2.0 2.0 2.0 2.0 2.0 10.0 2.0 2.0 2.0 2.0 -1.0 -1.0 -1.0 -1.0 -1.0 -1.0 -1.0 -1.0 2.0 2.0 -1.0 -1.0 -1.0 -1.0 -1.0 -1.0 9.0 -1.0 2.0 2.0 -1.0 -1.0 -1.0 -1.0 -1.0 -1.0 -1.0 8.0 2.0 2.0 2.0 2.0 2.0 2.0 2.0 2.0 2.0 2.0 2.0 
Actions.forward
2.0 2.0 2.0 2.0 2.0 2.0 2.0 2.0 2.0 2.0 2.0 -1.0 -1.0 -1.0 -1.0 -1.0 -1.0 -1.0 -1.0 2.0 2.0 -1.0 -1.0 -1.0 -1.0 9.0 9.0 -1.0 -1.0 2.0 2.0 9.0 -1.0 -1.0 9.0 -1.0 -1.0 -1.0 -1.0 2.0 2.0 9.0 -1.0 -1.0 -1.0 -1.0 -1.0 -1.0 -1.0 2.0 2.0 2.0 2.0 2.0 2.0 2.0 4.0 2.0 2.0 2.0 2.0 -1.0 -1.0 -1.0 -1.0 -1.0 10.0 -1.0 -1.0 2.0 2.0 -1.0 -1.0 -1.0 -1.0 -1.0 -1.0 9.0 -1.0 2.0 2.0 -1.0 -1.0 -1.0 -1.0 -1.0 -1.0 -1.0 8.0 2.0 2.0 2.0 2.0 2.0 2.0 2.0 2.0 2.0 2.0 2.0 
Actions.forward
2.0 2.0 2.0 2.0 2.0 2.0 2.0 2.0 2.0 2.0 2.0 -1.0 -1.0 -1.0 -1.0 -1.0 -1.0 -1.0 -1.0 2.0 2.0 -1.0 -1.0 -1.0 -1.0 9.0 9.0 -1.0 -1.0 2.0 2.0 9.0 -1.0 -1.0 9.0 -1.0 -1.0 -1.0 -1.0 2.0 2.0 9.0 -1.0 -1.0 -1.0 -1.0 -1.0 -1.0 -1.0 2.0 2.0 2.0 2.0 2.0 2.0 2.0 4.0 2.0 2.0 2.0 2.0 -1.0 -1.0 -1.0 -1.0 -1.0 -1.0 -1.0 -1.0 2.0 2.0 -1.0 -1.0 -1.0 -1.0 -1.0 10.0 9.0 -1.0 2.0 2.0 -1.0 -1.0 -1.0 -1.0 -1.0 -1.0 -1.0 8.0 2.0 2.0 2.0 2.0 2.0 2.0 2.0 2.0 2.0 2.0 2.0 
Actions.forward
2.0 2.0 2.0 2.0 2.0 2.0 2.0 2.0 2.0 2.0 2.0 -1.0 -1.0 -1.0 -1.0 -1.0 -1.0 -1.0 -1.0 2.0 2.0 -1.0 -1.0 -1.0 -1.0 9.0 9.0 -1.0 -1.0 2.0 2.0 9.0 -1.0 -1.0 9.0 -1.0 -1.0 -1.0 -1.0 2.0 2.0 9.0 -1.0 -1.0 -1.0 -1.0 -1.0 -1.0 -1.0 2.0 2.0 2.0 2.0 2.0 2.0 2.0 4.0 2.0 2.0 2.0 2.0 -1.0 -1.0 -1.0 -1.0 -1.0 -1.0 -1.0 -1.0 2.0 2.0 -1.0 -1.0 -1.0 -1.0 -1.0 -1.0 9.0 -1.0 2.0 2.0 -1.0 -1.0 -1.0 -1.0 -1.0 10.0 -1.0 8.0 2.0 2.0 2.0 2.0 2.0 2.0 2.0 2.0 2.0 2.0 2.0 
Actions.forward
2.0 2.0 2.0 2.0 2.0 2.0 2.0 2.0 2.0 2.0 2.0 -1.0 -1.0 -1.0 -1.0 -1.0 -1.0 -1.0 -1.0 2.0 2.0 -1.0 -1.0 -1.0 -1.0 9.0 9.0 -1.0 -1.0 2.0 2.0 9.0 -1.0 -1.0 9.0 -1.0 -1.0 -1.0 -1.0 2.0 2.0 9.0 -1.0 -1.0 -1.0 -1.0 -1.0 -1.0 -1.0 2.0 2.0 2.0 2.0 2.0 2.0 2.0 4.0 2.0 2.0 2.0 2.0 -1.0 -1.0 -1.0 -1.0 -1.0 -1.0 -1.0 -1.0 2.0 2.0 -1.0 -1.0 -1.0 -1.0 -1.0 -1.0 9.0 -1.0 2.0 2.0 -1.0 -1.0 -1.0 -1.0 -1.0 10.0 -1.0 8.0 2.0 2.0 2.0 2.0 2.0 2.0 2.0 2.0 2.0 2.0 2.0 
Actions.right
2.0 2.0 2.0 2.0 2.0 2.0 2.0 2.0 2.0 2.0 2.0 -1.0 -1.0 -1.0 -1.0 -1.0 -1.0 -1.0 -1.0 2.0 2.0 -1.0 -1.0 -1.0 -1.0 9.0 9.0 -1.0 -1.0 2.0 2.0 9.0 -1.0 -1.0 9.0 -1.0 -1.0 -1.0 -1.0 2.0 2.0 9.0 -1.0 -1.0 -1.0 -1.0 -1.0 -1.0 -1.0 2.0 2.0 2.0 2.0 2.0 2.0 2.0 4.0 2.0 2.0 2.0 2.0 -1.0 -1.0 -1.0 -1.0 -1.0 -1.0 -1.0 -1.0 2.0 2.0 -1.0 -1.0 -1.0 -1.0 -1.0 -1.0 9.0 -1.0 2.0 2.0 -1.0 -1.0 -1.0 -1.0 -1.0 -1.0 10.0 8.0 2.0 2.0 2.0 2.0 2.0 2.0 2.0 2.0 2.0 2.0 2.0 
Actions.forward
2.0 2.0 2.0 2.0 2.0 2.0 2.0 2.0 2.0 2.0 2.0 -1.0 -1.0 -1.0 -1.0 -1.0 -1.0 -1.0 -1.0 2.0 2.0 -1.0 -1.0 -1.0 -1.0 9.0 9.0 -1.0 -1.0 2.0 2.0 9.0 -1.0 -1.0 9.0 -1.0 -1.0 -1.0 -1.0 2.0 2.0 9.0 -1.0 -1.0 -1.0 -1.0 -1.0 -1.0 -1.0 2.0 2.0 2.0 2.0 2.0 2.0 2.0 4.0 2.0 2.0 2.0 2.0 -1.0 -1.0 -1.0 -1.0 -1.0 -1.0 -1.0 -1.0 2.0 2.0 -1.0 -1.0 -1.0 -1.0 -1.0 -1.0 9.0 -1.0 2.0 2.0 -1.0 -1.0 -1.0 -1.0 -1.0 -1.0 -1.0 10.0 2.0 2.0 2.0 2.0 2.0 2.0 2.0 2.0 2.0 2.0 2.0 
Actions.forward
