[2.0, 1.0, 0.0]
forward
0
10
[2.0, 1.0, 1.0]
right
0
15
[2.0, 2.0, 1.0]
forward
0
20
[2.0, 3.0, 1.0]
forward
0
21
[2.0, 3.0, 0.0]
left
0
22
[3.0, 3.0, 0.0]
forward
0
23
[4.0, 3.0, 0.0]
forward
0
25
[4.0, 3.0, 1.0]
right
0
26
[4.0, 4.0, 1.0]
forward
0
27
[4.0, 5.0, 1.0]
forward
0
28
[4.0, 6.0, 1.0]
forward
0
30
[4.0, 6.0, 2.0]
right
0
35
[4.0, 6.0, 2.0]
pickup
0
50
[4.0, 6.0, 1.0]
left
0
51
[4.0, 6.0, 0.0]
left
0
52
[4.0, 6.0, 0.0]
toggle
0
70
[5.0, 6.0, 0.0]
forward
0
75
[6.0, 6.0, 0.0]
forward
0
80
[6.0, 6.0, 1.0]
right
0
81
[6.0, 7.0, 1.0]
forward
0
82
[6.0, 8.0, 1.0]
forward
0
83
[6.0, 8.0, 0.0]
left
0
85
[7.0, 8.0, 0.0]
forward
0
90
[8.0, 8.0, 0.0]
forward
0.946
100
[2.0, 1.0, 0.0]
forward
0
5
[2.0, 1.0, 1.0]
right
0
6
[2.0, 2.0, 1.0]
forward
0
7
[2.0, 3.0, 1.0]
forward
0
10
[2.0, 3.0, 0.0]
left
0
15
[3.0, 3.0, 0.0]
forward
0
12
[4.0, 3.0, 0.0]
forward
0
15
[4.0, 3.0, 1.0]
right
0
16
[4.0, 4.0, 1.0]
forward
0
17
[4.0, 5.0, 1.0]
forward
0
20
[4.0, 5.0, 2.0]
right
0
21
[3.0, 5.0, 2.0]
forward
0
22
[3.0, 5.0, 1.0]
left
0
23
[3.0, 5.0, 1.0]
pickup
0
50
[3.0, 6.0, 1.0]
forward
0
51
[3.0, 6.0, 0.0]
left
0
52
[4.0, 6.0, 0.0]
forward
0
55
[4.0, 6.0, 0.0]
forward
0
55
[4.0, 6.0, 0.0]
toggle
0
70
[5.0, 6.0, 0.0]
forward
0
75
[6.0, 6.0, 0.0]
forward
0
80
[6.0, 6.0, 1.0]
right
0
81
[6.0, 7.0, 1.0]
forward
0
82
[6.0, 8.0, 1.0]
forward
0
83
[6.0, 8.0, 0.0]
left
0
84
[6.0, 8.0, 3.0]
left
0
80
[6.0, 8.0, 0.0]
right
0
84
[7.0, 8.0, 0.0]
forward
0
85
[8.0, 8.0, 0.0]
forward
0.93475
100
[2.0, 1.0, 0.0]
forward
0
5
[2.0, 1.0, 1.0]
right
0
6
[2.0, 2.0, 1.0]
forward
0
10
[2.0, 3.0, 1.0]
forward
0
12
[2.0, 3.0, 0.0]
left
0
14
[3.0, 3.0, 0.0]
forward
0
15
[4.0, 3.0, 0.0]
forward
0
20
[4.0, 3.0, 1.0]
right
0
21
[4.0, 4.0, 1.0]
forward
0
23
[4.0, 5.0, 1.0]
forward
0
25
[4.0, 6.0, 1.0]
forward
0
27
[4.0, 6.0, 2.0]
right
0
30
[4.0, 6.0, 2.0]
pickup
0
50
[4.0, 6.0, 1.0]
left
0
51
[4.0, 6.0, 0.0]
left
0
55
[4.0, 6.0, 0.0]
toggle
0
70
[5.0, 6.0, 0.0]
forward
0
75
[6.0, 6.0, 0.0]
forward
0
80
[7.0, 6.0, 0.0]
forward
0
81
[8.0, 6.0, 0.0]
forward
0
82
[8.0, 6.0, 1.0]
right
0
85
[8.0, 7.0, 1.0]
forward
0
86
[8.0, 8.0, 1.0]
forward
0.94825
100
[2.0, 1.0, 0.0]
forward
0
5
[2.0, 1.0, 1.0]
right
0
6
[2.0, 2.0, 1.0]
forward
0
10
[2.0, 3.0, 1.0]
forward
0
15
[2.0, 3.0, 0.0]
left
0
16
[3.0, 3.0, 0.0]
forward
0
20
[4.0, 3.0, 0.0]
forward
0
25
[4.0, 3.0, 1.0]
right
0
26
[4.0, 4.0, 1.0]
forward
0
30
[4.0, 5.0, 1.0]
forward
0
35
[4.0, 6.0, 1.0]
forward
0
40
[4.0, 6.0, 2.0]
right
0
41
[4.0, 6.0, 2.0]
pickup
0
50
[4.0, 6.0, 1.0]
left
0
50
[4.0, 6.0, 0.0]
left
0
50
[4.0, 6.0, 0.0]
toggle
0
70
[5.0, 6.0, 0.0]
forward
0
75
[6.0, 6.0, 0.0]
forward
0
80
[7.0, 6.0, 0.0]
forward
0
81
[8.0, 6.0, 0.0]
forward
0
85
[8.0, 6.0, 1.0]
right
0
85
[8.0, 7.0, 1.0]
forward
0
90
[8.0, 8.0, 1.0]
forward
0.94825
100
[1.0, 1.0, 1.0]
right
0
1
[1.0, 2.0, 1.0]
forward
0
5
[1.0, 3.0, 1.0]
forward
0
5
[1.0, 4.0, 1.0]
forward
0
10
[1.0, 5.0, 1.0]
forward
0
12
[1.0, 6.0, 1.0]
forward
0
15
[1.0, 7.0, 1.0]
forward
0
16
[1.0, 7.0, 0.0]
left
0
20
[2.0, 7.0, 0.0]
forward
0
22
[3.0, 7.0, 0.0]
forward
0
25
[3.0, 7.0, 3.0]
left
0
30
[3.0, 7.0, 3.0]
pickup
0
50
[3.0, 6.0, 3.0]
forward
0
51
[3.0, 6.0, 0.0]
right
0
55
[4.0, 6.0, 0.0]
forward
0
56
[4.0, 6.0, 0.0]
toggle
0
70
[5.0, 6.0, 0.0]
forward
0
75
[6.0, 6.0, 0.0]
forward
0
80
[7.0, 6.0, 0.0]
forward
0
81
[8.0, 6.0, 0.0]
forward
0
85
[8.0, 6.0, 1.0]
right
0
90
[8.0, 7.0, 1.0]
forward
0
95
[8.0, 8.0, 1.0]
forward
0.94825
100
[2.0, 1.0, 0.0]
forward
0
10
[2.0, 1.0, 1.0]
right
0
11
[2.0, 2.0, 1.0]
forward
0
15
[2.0, 3.0, 1.0]
forward
0
17
[2.0, 3.0, 0.0]
left
0
20
[3.0, 3.0, 0.0]
forward
0
23
[4.0, 3.0, 0.0]
forward
0
25
[4.0, 3.0, 1.0]
right
0
26
[4.0, 4.0, 1.0]
forward
0
30
[4.0, 5.0, 1.0]
forward
0
32
[4.0, 5.0, 0.0]
left
0
30
[4.0, 5.0, 1.0]
right
0
33
[4.0, 6.0, 1.0]
forward
0
35
[4.0, 6.0, 0.0]
left
0
35
[4.0, 6.0, 1.0]
right
0
35
[4.0, 6.0, 2.0]
right
0
36
[4.0, 6.0, 2.0]
pickup
0
50
[4.0, 6.0, 1.0]
left
0
51
[4.0, 6.0, 0.0]
left
0
52
[4.0, 6.0, 0.0]
toggle
0
70
[5.0, 6.0, 0.0]
forward
0
75
[6.0, 6.0, 0.0]
forward
0
80
[7.0, 6.0, 0.0]
forward
0
85
[8.0, 6.0, 0.0]
forward
0
90
[8.0, 6.0, 1.0]
right
0
91
[8.0, 7.0, 1.0]
forward
0
95
[8.0, 8.0, 1.0]
forward
0.93925
100
[1.0, 1.0, 1.0]
right
0
3
[1.0, 2.0, 1.0]
forward
0
5
[1.0, 3.0, 1.0]
forward
0
10
[1.0, 4.0, 1.0]
forward
0
15
[1.0, 5.0, 1.0]
forward
0
20
[1.0, 6.0, 1.0]
forward
0
25
[1.0, 7.0, 1.0]
forward
0
30
[1.0, 8.0, 1.0]
forward
0
30
[1.0, 8.0, 0.0]
left
0
30
[2.0, 8.0, 0.0]
forward
0
32
[3.0, 8.0, 0.0]
forward
0
35
[3.0, 8.0, 3.0]
left
0
36
[3.0, 7.0, 3.0]
forward
0
40
[3.0, 7.0, 3.0]
pickup
0
50
[3.0, 6.0, 3.0]
forward
0
51
[3.0, 6.0, 0.0]
right
0
52
[4.0, 6.0, 0.0]
forward
0
55
[4.0, 6.0, 0.0]
toggle
0
70
[5.0, 6.0, 0.0]
forward
0
75
[6.0, 6.0, 0.0]
forward
0
80
[6.0, 6.0, 1.0]
right
0
85
[6.0, 7.0, 1.0]
forward
0
90
[6.0, 8.0, 1.0]
forward
0
95
[6.0, 8.0, 0.0]
left
0
97
[7.0, 8.0, 0.0]
forward
0
98
[8.0, 8.0, 0.0]
forward
0.9415
100
[2.0, 1.0, 0.0]
forward
0
5
[2.0, 1.0, 1.0]
right
0
6
[2.0, 2.0, 1.0]
forward
0
10
[2.0, 3.0, 1.0]
forward
0
15
[2.0, 3.0, 0.0]
left
0
16
[3.0, 3.0, 0.0]
forward
0
17
[4.0, 3.0, 0.0]
forward
0
18
[4.0, 3.0, 1.0]
right
0
20
[4.0, 4.0, 1.0]
forward
0
25
[4.0, 5.0, 1.0]
forward
0
30
[4.0, 6.0, 1.0]
forward
0
25
[4.0, 6.0, 2.0]
right
0
26
[4.0, 6.0, 2.0]
pickup
0
50
[4.0, 6.0, 1.0]
left
0
51
[4.0, 6.0, 0.0]
left
0
55
[4.0, 6.0, 0.0]
pickup
0
55
[4.0, 6.0, 0.0]
toggle
0
70
[5.0, 6.0, 0.0]
forward
0
75
[6.0, 6.0, 0.0]
forward
0
80
[6.0, 6.0, 1.0]
right
0
81
[6.0, 7.0, 1.0]
forward
0
85
[6.0, 8.0, 1.0]
forward
0
87
[6.0, 8.0, 0.0]
left
0
90
[7.0, 8.0, 0.0]
forward
0
95
[8.0, 8.0, 0.0]
forward
0.94375
100
[2.0, 1.0, 0.0]
forward
0
5
[2.0, 1.0, 1.0]
right
0
7
[2.0, 2.0, 1.0]
forward
0
10
[2.0, 3.0, 1.0]
forward
0
15
[2.0, 3.0, 0.0]
left
0
17
[3.0, 3.0, 0.0]
forward
0
20
[4.0, 3.0, 0.0]
forward
0
25
[4.0, 3.0, 1.0]
right
0
27
[4.0, 4.0, 1.0]
forward
0
30
[4.0, 5.0, 1.0]
forward
0
35
[4.0, 6.0, 1.0]
forward
0
40
[4.0, 6.0, 0.0]
left
0
40
[4.0, 6.0, 1.0]
right
0
40
[4.0, 6.0, 2.0]
right
0
45
[4.0, 6.0, 2.0]
pickup
0
70
[4.0, 6.0, 1.0]
left
0
75
[4.0, 6.0, 0.0]
left
0
75
[4.0, 6.0, 0.0]
toggle
0
80
[5.0, 6.0, 0.0]
forward
0
85
[6.0, 6.0, 0.0]
forward
0
90
[7.0, 6.0, 0.0]
forward
0
91
[7.0, 6.0, 1.0]
right
0
92
[7.0, 6.0, 0.0]
left
0
93
[8.0, 6.0, 0.0]
forward
0
95
[8.0, 6.0, 1.0]
right
0
95
[8.0, 7.0, 1.0]
forward
0
97
[8.0, 8.0, 1.0]
forward
0.93925
100
[2.0, 1.0, 0.0]
forward
0
5
[2.0, 1.0, 1.0]
right
0
7
[2.0, 2.0, 1.0]
forward
0
10
[2.0, 3.0, 1.0]
forward
0
15
[2.0, 3.0, 0.0]
left
0
15
[3.0, 3.0, 0.0]
forward
0
20
[4.0, 3.0, 0.0]
forward
0
15
[4.0, 3.0, 1.0]
right
0
30
[4.0, 4.0, 1.0]
forward
0
35
[4.0, 5.0, 1.0]
forward
0
35
[4.0, 5.0, 0.0]
left
0
35
[4.0, 5.0, 1.0]
right
0
35
[4.0, 5.0, 2.0]
right
0
35
[3.0, 5.0, 2.0]
forward
0
37
[3.0, 5.0, 1.0]
left
0
37
[3.0, 5.0, 1.0]
pickup
0
50
[3.0, 6.0, 1.0]
forward
0
51
[3.0, 6.0, 0.0]
left
0
52
[4.0, 6.0, 0.0]
forward
0
55
[4.0, 6.0, 0.0]
toggle
0
70
[5.0, 6.0, 0.0]
forward
0
80
[6.0, 6.0, 0.0]
forward
0
82
[7.0, 6.0, 0.0]
forward
0
85
[8.0, 6.0, 0.0]
forward
0
81
[8.0, 6.0, 1.0]
right
0
90
[8.0, 7.0, 1.0]
forward
0
95
[8.0, 8.0, 1.0]
forward
0.93925
100
