1 1 0 0 0 
Actions.forward
2 1 0 0 0 
0
4.285714285714286
2 1 0 0 0 
Actions.right
2 1 1 0 0 
0
4.285714285714286
2 1 1 0 0 
Actions.forward
2 2 1 0 0 
0
8.571428571428571
2 2 1 0 0 
Actions.left
2 2 0 0 0 
0
8.571428571428571
2 2 0 0 0 
Actions.right
2 2 1 0 0 
0
8.571428571428571
2 2 1 0 0 
Actions.left
2 2 0 0 0 
0
8.571428571428571
2 2 0 0 0 
Actions.forward
3 2 0 0 0 
0
12.857142857142858
3 2 0 0 0 
Actions.right
3 2 1 0 0 
0
12.857142857142858
3 2 1 0 0 
Actions.forward
3 3 1 0 0 
0
17.142857142857142
3 3 1 0 0 
Actions.forward
3 4 1 0 0 
-0.4
11.428571428571427
3 4 1 0 0 
Actions.forward
3 5 1 0 0 
0
15.714285714285715
3 5 1 0 0 
Actions.pickup
3 5 1 1 0 
0
35.714285714285715
3 5 1 1 0 
Actions.forward
3 6 1 1 0 
0
40.0
3 6 1 1 0 
Actions.left
3 6 0 1 0 
0
40.0
3 6 0 1 0 
Actions.forward
4 6 0 1 0 
0
44.285714285714285
4 6 0 1 0 
Actions.toggle
4 6 0 1 1 
0
64.28571428571428
4 6 0 1 1 
Actions.forward
5 6 0 1 1 
0
68.57142857142857
5 6 0 1 1 
Actions.forward
6 6 0 1 1 
0
72.85714285714286
6 6 0 1 1 
Actions.forward
7 6 0 1 1 
0
77.14285714285714
7 6 0 1 1 
Actions.right
7 6 1 1 1 
0
77.14285714285714
7 6 1 1 1 
Actions.forward
7 7 1 1 1 
-0.4
71.42857142857143
7 7 1 1 1 
Actions.forward
7 8 1 1 1 
0
75.71428571428572
7 8 1 1 1 
Actions.left
7 8 0 1 1 
0
75.71428571428572
7 8 0 1 1 
Actions.forward
8 8 0 1 1 
0.946
80.0
1 1 0 0 0 
Actions.right
1 1 1 0 0 
0
0.0
1 1 1 0 0 
Actions.forward
1 2 1 0 0 
0
4.285714285714286
1 2 1 0 0 
Actions.forward
1 3 1 0 0 
0
8.571428571428571
1 3 1 0 0 
Actions.forward
1 4 1 0 0 
0
12.857142857142858
1 4 1 0 0 
Actions.forward
1 5 1 0 0 
0
17.142857142857142
1 5 1 0 0 
Actions.forward
1 6 1 0 0 
0
21.428571428571427
1 6 1 0 0 
Actions.left
1 6 0 0 0 
0
21.428571428571427
1 6 0 0 0 
Actions.forward
2 6 0 0 0 
-0.4
15.714285714285715
2 6 0 0 0 
Actions.pickup
2 6 0 1 0 
0
35.714285714285715
2 6 0 1 0 
Actions.forward
3 6 0 1 0 
0
40.0
3 6 0 1 0 
Actions.forward
4 6 0 1 0 
0
44.285714285714285
4 6 0 1 0 
Actions.toggle
4 6 0 1 1 
0
64.28571428571428
4 6 0 1 1 
Actions.forward
5 6 0 1 1 
0
68.57142857142857
5 6 0 1 1 
Actions.forward
6 6 0 1 1 
0
72.85714285714286
6 6 0 1 1 
Actions.forward
7 6 0 1 1 
0
77.14285714285714
7 6 0 1 1 
Actions.forward
8 6 0 1 1 
0
81.42857142857143
8 6 0 1 1 
Actions.right
8 6 1 1 1 
0
81.42857142857143
8 6 1 1 1 
Actions.forward
8 7 1 1 1 
0
85.71428571428572
8 7 1 1 1 
Actions.forward
8 8 1 1 1 
0.95725
90.0
1 1 0 0 0 
Actions.forward
2 1 0 0 0 
0
4.285714285714286
2 1 0 0 0 
Actions.forward
3 1 0 0 0 
-0.4
-1.4285714285714288
3 1 0 0 0 
Actions.right
3 1 1 0 0 
0
-1.4285714285714288
3 1 1 0 0 
Actions.forward
3 2 1 0 0 
0
2.8571428571428577
3 2 1 0 0 
Actions.forward
3 3 1 0 0 
0
7.142857142857142
3 3 1 0 0 
Actions.forward
3 4 1 0 0 
-0.4
1.428571428571427
3 4 1 0 0 
Actions.forward
3 5 1 0 0 
0
5.714285714285715
3 5 1 0 0 
Actions.pickup
3 5 1 1 0 
0
25.714285714285715
3 5 1 1 0 
Actions.forward
3 6 1 1 0 
0
30.0
3 6 1 1 0 
Actions.left
3 6 0 1 0 
0
30.0
3 6 0 1 0 
Actions.forward
4 6 0 1 0 
0
34.285714285714285
4 6 0 1 0 
Actions.toggle
4 6 0 1 1 
0
54.28571428571428
4 6 0 1 1 
Actions.forward
5 6 0 1 1 
0
58.57142857142857
5 6 0 1 1 
Actions.forward
6 6 0 1 1 
0
62.85714285714286
6 6 0 1 1 
Actions.forward
7 6 0 1 1 
0
67.14285714285714
7 6 0 1 1 
Actions.forward
8 6 0 1 1 
0
71.42857142857143
8 6 0 1 1 
Actions.right
8 6 1 1 1 
0
71.42857142857143
8 6 1 1 1 
Actions.forward
8 7 1 1 1 
0
75.71428571428572
8 7 1 1 1 
Actions.forward
8 8 1 1 1 
0.95725
80.0
1 1 0 0 0 
Actions.right
1 1 1 0 0 
0
0.0
1 1 1 0 0 
Actions.forward
1 2 1 0 0 
0
4.285714285714286
1 2 1 0 0 
Actions.left
1 2 0 0 0 
0
4.285714285714286
1 2 0 0 0 
Actions.right
1 2 1 0 0 
0
4.285714285714286
1 2 1 0 0 
Actions.right
1 2 2 0 0 
0
4.285714285714286
1 2 2 0 0 
Actions.forward
1 2 2 0 0 
0
4.285714285714286
1 2 2 0 0 
Actions.left
1 2 1 0 0 
0
4.285714285714286
1 2 1 0 0 
Actions.left
1 2 0 0 0 
0
4.285714285714286
1 2 0 0 0 
Actions.forward
2 2 0 0 0 
0
8.571428571428571
2 2 0 0 0 
Actions.left
2 2 3 0 0 
0
8.571428571428571
2 2 3 0 0 
Actions.right
2 2 0 0 0 
0
8.571428571428571
2 2 0 0 0 
Actions.right
2 2 1 0 0 
0
8.571428571428571
2 2 1 0 0 
Actions.forward
2 3 1 0 0 
0
12.857142857142858
2 3 1 0 0 
Actions.forward
2 4 1 0 0 
0
17.142857142857142
2 4 1 0 0 
Actions.left
2 4 0 0 0 
0
17.142857142857142
2 4 0 0 0 
Actions.forward
3 4 0 0 0 
-0.4
11.428571428571427
3 4 0 0 0 
Actions.right
3 4 1 0 0 
0
11.428571428571427
3 4 1 0 0 
Actions.forward
3 5 1 0 0 
0
15.714285714285715
3 5 1 0 0 
Actions.pickup
3 5 1 1 0 
0
35.714285714285715
3 5 1 1 0 
Actions.forward
3 6 1 1 0 
0
40.0
3 6 1 1 0 
Actions.left
3 6 0 1 0 
0
40.0
3 6 0 1 0 
Actions.forward
4 6 0 1 0 
0
44.285714285714285
4 6 0 1 0 
Actions.toggle
4 6 0 1 1 
0
64.28571428571428
4 6 0 1 1 
Actions.forward
5 6 0 1 1 
0
68.57142857142857
5 6 0 1 1 
Actions.forward
6 6 0 1 1 
0
72.85714285714286
6 6 0 1 1 
Actions.right
6 6 1 1 1 
0
72.85714285714286
6 6 1 1 1 
Actions.forward
6 7 1 1 1 
0
77.14285714285714
6 7 1 1 1 
Actions.left
6 7 0 1 1 
0
77.14285714285714
6 7 0 1 1 
Actions.forward
7 7 0 1 1 
-0.4
71.42857142857143
7 7 0 1 1 
Actions.right
7 7 1 1 1 
0
71.42857142857143
7 7 1 1 1 
Actions.forward
7 8 1 1 1 
0
75.71428571428572
7 8 1 1 1 
Actions.left
7 8 0 1 1 
0
75.71428571428572
7 8 0 1 1 
Actions.forward
8 8 0 1 1 
0.92575
80.0
1 1 0 0 0 
Actions.right
1 1 1 0 0 
0
0.0
1 1 1 0 0 
Actions.right
1 1 2 0 0 
0
0.0
1 1 2 0 0 
Actions.left
1 1 1 0 0 
0
0.0
1 1 1 0 0 
Actions.forward
1 2 1 0 0 
0
4.285714285714286
1 2 1 0 0 
Actions.forward
1 3 1 0 0 
0
8.571428571428571
1 3 1 0 0 
Actions.forward
1 4 1 0 0 
0
12.857142857142858
1 4 1 0 0 
Actions.forward
1 5 1 0 0 
0
17.142857142857142
1 5 1 0 0 
Actions.forward
1 6 1 0 0 
0
21.428571428571427
1 6 1 0 0 
Actions.left
1 6 0 0 0 
0
21.428571428571427
1 6 0 0 0 
Actions.forward
2 6 0 0 0 
-0.4
15.714285714285715
2 6 0 0 0 
Actions.pickup
2 6 0 1 0 
0
35.714285714285715
2 6 0 1 0 
Actions.forward
3 6 0 1 0 
0
40.0
3 6 0 1 0 
Actions.forward
4 6 0 1 0 
0
44.285714285714285
4 6 0 1 0 
Actions.pickup
4 6 0 1 0 
0
44.285714285714285
4 6 0 1 0 
Actions.toggle
4 6 0 1 1 
0
64.28571428571428
4 6 0 1 1 
Actions.forward
5 6 0 1 1 
0
68.57142857142857
5 6 0 1 1 
Actions.forward
6 6 0 1 1 
0
72.85714285714286
6 6 0 1 1 
Actions.forward
7 6 0 1 1 
0
77.14285714285714
7 6 0 1 1 
Actions.right
7 6 1 1 1 
0
77.14285714285714
7 6 1 1 1 
Actions.forward
7 7 1 1 1 
-0.4
71.42857142857143
7 7 1 1 1 
Actions.forward
7 8 1 1 1 
0
75.71428571428572
7 8 1 1 1 
Actions.left
7 8 0 1 1 
0
75.71428571428572
7 8 0 1 1 
Actions.forward
8 8 0 1 1 
0.94825
80.0
1 1 0 0 0 
Actions.right
1 1 1 0 0 
0
0.0
1 1 1 0 0 
Actions.right
1 1 2 0 0 
0
0.0
1 1 2 0 0 
Actions.left
1 1 1 0 0 
0
0.0
1 1 1 0 0 
Actions.forward
1 2 1 0 0 
0
4.285714285714286
1 2 1 0 0 
Actions.left
1 2 0 0 0 
0
4.285714285714286
1 2 0 0 0 
Actions.forward
2 2 0 0 0 
0
8.571428571428571
2 2 0 0 0 
Actions.forward
3 2 0 0 0 
0
12.857142857142858
3 2 0 0 0 
Actions.right
3 2 1 0 0 
0
12.857142857142858
3 2 1 0 0 
Actions.forward
3 3 1 0 0 
0
17.142857142857142
3 3 1 0 0 
Actions.forward
3 4 1 0 0 
-0.4
11.428571428571427
3 4 1 0 0 
Actions.right
3 4 2 0 0 
0
11.428571428571427
3 4 2 0 0 
Actions.left
3 4 1 0 0 
0
11.428571428571427
3 4 1 0 0 
Actions.left
3 4 0 0 0 
0
11.428571428571427
3 4 0 0 0 
Actions.forward
4 4 0 0 0 
0
15.714285714285715
4 4 0 0 0 
Actions.right
4 4 1 0 0 
0
15.714285714285715
4 4 1 0 0 
Actions.forward
4 5 1 0 0 
0
20.0
4 5 1 0 0 
Actions.forward
4 6 1 0 0 
0
24.285714285714285
4 6 1 0 0 
Actions.left
4 6 0 0 0 
0
24.285714285714285
4 6 0 0 0 
Actions.right
4 6 1 0 0 
0
24.285714285714285
4 6 1 0 0 
Actions.right
4 6 2 0 0 
0
24.285714285714285
4 6 2 0 0 
Actions.pickup
4 6 2 1 0 
0
44.285714285714285
4 6 2 1 0 
Actions.left
4 6 1 1 0 
0
44.285714285714285
4 6 1 1 0 
Actions.left
4 6 0 1 0 
0
44.285714285714285
4 6 0 1 0 
Actions.toggle
4 6 0 1 1 
0
64.28571428571428
4 6 0 1 1 
Actions.forward
5 6 0 1 1 
0
68.57142857142857
5 6 0 1 1 
Actions.forward
6 6 0 1 1 
0
72.85714285714286
6 6 0 1 1 
Actions.right
6 6 1 1 1 
0
72.85714285714286
6 6 1 1 1 
Actions.forward
6 7 1 1 1 
0
77.14285714285714
6 7 1 1 1 
Actions.left
6 7 0 1 1 
0
77.14285714285714
6 7 0 1 1 
Actions.forward
7 7 0 1 1 
-0.4
71.42857142857143
7 7 0 1 1 
Actions.right
7 7 1 1 1 
0
71.42857142857143
7 7 1 1 1 
Actions.forward
7 8 1 1 1 
0
75.71428571428572
7 8 1 1 1 
Actions.left
7 8 0 1 1 
0
75.71428571428572
7 8 0 1 1 
Actions.forward
8 8 0 1 1 
0.9235
80.0
1 1 0 0 0 
Actions.right
1 1 1 0 0 
0
0.0
1 1 1 0 0 
Actions.forward
1 2 1 0 0 
0
4.285714285714286
1 2 1 0 0 
Actions.forward
1 3 1 0 0 
0
8.571428571428571
1 3 1 0 0 
Actions.left
1 3 0 0 0 
0
8.571428571428571
1 3 0 0 0 
Actions.forward
2 3 0 0 0 
0
12.857142857142858
2 3 0 0 0 
Actions.forward
3 3 0 0 0 
0
17.142857142857142
3 3 0 0 0 
Actions.right
3 3 1 0 0 
0
17.142857142857142
3 3 1 0 0 
Actions.forward
3 4 1 0 0 
-0.4
11.428571428571427
3 4 1 0 0 
Actions.forward
3 5 1 0 0 
0
15.714285714285715
3 5 1 0 0 
Actions.pickup
3 5 1 1 0 
0
35.714285714285715
3 5 1 1 0 
Actions.forward
3 6 1 1 0 
0
40.0
3 6 1 1 0 
Actions.left
3 6 0 1 0 
0
40.0
3 6 0 1 0 
Actions.forward
4 6 0 1 0 
0
44.285714285714285
4 6 0 1 0 
Actions.toggle
4 6 0 1 1 
0
64.28571428571428
4 6 0 1 1 
Actions.forward
5 6 0 1 1 
0
68.57142857142857
5 6 0 1 1 
Actions.forward
6 6 0 1 1 
0
72.85714285714286
6 6 0 1 1 
Actions.right
6 6 1 1 1 
0
72.85714285714286
6 6 1 1 1 
Actions.left
6 6 0 1 1 
0
72.85714285714286
6 6 0 1 1 
Actions.left
6 6 3 1 1 
0
72.85714285714286
6 6 3 1 1 
Actions.forward
6 5 3 1 1 
0
68.57142857142857
6 5 3 1 1 
Actions.forward
6 4 3 1 1 
0
64.28571428571428
6 4 3 1 1 
Actions.forward
6 3 3 1 1 
0
60.0
6 3 3 1 1 
Actions.forward
6 2 3 1 1 
0
55.71428571428572
6 2 3 1 1 
Actions.forward
6 1 3 1 1 
0
51.42857142857143
6 1 3 1 1 
Actions.right
6 1 0 1 1 
0
51.42857142857143
6 1 0 1 1 
Actions.forward
7 1 0 1 1 
0
55.71428571428572
7 1 0 1 1 
Actions.forward
8 1 0 1 1 
0
60.0
8 1 0 1 1 
Actions.right
8 1 1 1 1 
0
60.0
8 1 1 1 1 
Actions.left
8 1 0 1 1 
0
60.0
8 1 0 1 1 
Actions.forward
8 1 0 1 1 
0
60.0
8 1 0 1 1 
Actions.left
8 1 3 1 1 
0
60.0
8 1 3 1 1 
Actions.forward
8 1 3 1 1 
0
60.0
8 1 3 1 1 
Actions.left
8 1 2 1 1 
0
60.0
8 1 2 1 1 
Actions.forward
7 1 2 1 1 
0
55.71428571428572
7 1 2 1 1 
Actions.right
7 1 3 1 1 
0
55.71428571428572
7 1 3 1 1 
Actions.forward
7 1 3 1 1 
0
55.71428571428572
7 1 3 1 1 
Actions.left
7 1 2 1 1 
0
55.71428571428572
7 1 2 1 1 
Actions.left
7 1 1 1 1 
0
55.71428571428572
7 1 1 1 1 
Actions.forward
7 2 1 1 1 
0
60.0
7 2 1 1 1 
Actions.forward
7 3 1 1 1 
0
64.28571428571428
7 3 1 1 1 
Actions.forward
7 4 1 1 1 
0
68.57142857142857
7 4 1 1 1 
Actions.right
7 4 2 1 1 
0
68.57142857142857
7 4 2 1 1 
Actions.forward
6 4 2 1 1 
0
64.28571428571428
6 4 2 1 1 
Actions.left
6 4 1 1 1 
0
64.28571428571428
6 4 1 1 1 
Actions.right
6 4 2 1 1 
0
64.28571428571428
6 4 2 1 1 
Actions.forward
6 4 2 1 1 
0
64.28571428571428
6 4 2 1 1 
Actions.left
6 4 1 1 1 
0
64.28571428571428
6 4 1 1 1 
Actions.forward
6 5 1 1 1 
0
68.57142857142857
6 5 1 1 1 
Actions.forward
6 6 1 1 1 
0
72.85714285714286
6 6 1 1 1 
Actions.left
6 6 0 1 1 
0
72.85714285714286
6 6 0 1 1 
Actions.right
6 6 1 1 1 
0
72.85714285714286
6 6 1 1 1 
Actions.forward
6 7 1 1 1 
0
77.14285714285714
6 7 1 1 1 
Actions.forward
6 8 1 1 1 
0
81.42857142857143
6 8 1 1 1 
Actions.left
6 8 0 1 1 
0
81.42857142857143
6 8 0 1 1 
Actions.forward
7 8 0 1 1 
0
85.71428571428572
7 8 0 1 1 
Actions.forward
8 8 0 1 1 
0.874
90.0
1 1 0 0 0 
Actions.forward
2 1 0 0 0 
0
4.285714285714286
2 1 0 0 0 
Actions.right
2 1 1 0 0 
0
4.285714285714286
2 1 1 0 0 
Actions.forward
2 2 1 0 0 
0
8.571428571428571
2 2 1 0 0 
Actions.forward
2 3 1 0 0 
0
12.857142857142858
2 3 1 0 0 
Actions.left
2 3 0 0 0 
0
12.857142857142858
2 3 0 0 0 
Actions.forward
3 3 0 0 0 
0
17.142857142857142
3 3 0 0 0 
Actions.forward
4 3 0 0 0 
0
21.428571428571427
4 3 0 0 0 
Actions.right
4 3 1 0 0 
0
21.428571428571427
4 3 1 0 0 
Actions.forward
4 4 1 0 0 
0
25.714285714285715
4 4 1 0 0 
Actions.forward
4 5 1 0 0 
0
30.0
4 5 1 0 0 
Actions.forward
4 6 1 0 0 
0
34.285714285714285
4 6 1 0 0 
Actions.forward
4 7 1 0 0 
0
38.57142857142857
4 7 1 0 0 
Actions.left
4 7 0 0 0 
0
38.57142857142857
4 7 0 0 0 
Actions.left
4 7 3 0 0 
0
38.57142857142857
4 7 3 0 0 
Actions.left
4 7 2 0 0 
0
38.57142857142857
4 7 2 0 0 
Actions.forward
3 7 2 0 0 
0
34.285714285714285
3 7 2 0 0 
Actions.forward
2 7 2 0 0 
0
30.0
2 7 2 0 0 
Actions.forward
1 7 2 0 0 
0
25.714285714285715
1 7 2 0 0 
Actions.right
1 7 3 0 0 
0
25.714285714285715
1 7 3 0 0 
Actions.forward
1 6 3 0 0 
0
21.428571428571427
1 6 3 0 0 
Actions.forward
1 5 3 0 0 
0
17.142857142857142
1 5 3 0 0 
Actions.forward
1 4 3 0 0 
0
12.857142857142858
1 4 3 0 0 
Actions.right
1 4 0 0 0 
0
12.857142857142858
1 4 0 0 0 
Actions.forward
2 4 0 0 0 
0
17.142857142857142
2 4 0 0 0 
Actions.left
2 4 3 0 0 
0
17.142857142857142
2 4 3 0 0 
Actions.forward
2 3 3 0 0 
0
12.857142857142858
2 3 3 0 0 
Actions.right
2 3 0 0 0 
0
12.857142857142858
2 3 0 0 0 
Actions.forward
3 3 0 0 0 
0
17.142857142857142
3 3 0 0 0 
Actions.forward
4 3 0 0 0 
0
21.428571428571427
4 3 0 0 0 
Actions.right
4 3 1 0 0 
0
21.428571428571427
4 3 1 0 0 
Actions.forward
4 4 1 0 0 
0
25.714285714285715
4 4 1 0 0 
Actions.forward
4 5 1 0 0 
0
30.0
4 5 1 0 0 
Actions.forward
4 6 1 0 0 
0
34.285714285714285
4 6 1 0 0 
Actions.forward
4 7 1 0 0 
0
38.57142857142857
4 7 1 0 0 
Actions.forward
4 8 1 0 0 
0
42.857142857142854
4 8 1 0 0 
Actions.left
4 8 0 0 0 
0
42.857142857142854
4 8 0 0 0 
Actions.left
4 8 3 0 0 
0
42.857142857142854
4 8 3 0 0 
Actions.left
4 8 2 0 0 
0
42.857142857142854
4 8 2 0 0 
Actions.forward
3 8 2 0 0 
0
38.57142857142857
3 8 2 0 0 
Actions.forward
2 8 2 0 0 
0
34.285714285714285
2 8 2 0 0 
Actions.forward
1 8 2 0 0 
0
30.0
1 8 2 0 0 
Actions.forward
1 8 2 0 0 
0
30.0
1 8 2 0 0 
Actions.right
1 8 3 0 0 
0
30.0
1 8 3 0 0 
Actions.forward
1 7 3 0 0 
0
25.714285714285715
1 7 3 0 0 
Actions.right
1 7 0 0 0 
0
25.714285714285715
1 7 0 0 0 
Actions.forward
2 7 0 0 0 
0
30.0
2 7 0 0 0 
Actions.forward
3 7 0 0 0 
0
34.285714285714285
3 7 0 0 0 
Actions.left
3 7 3 0 0 
0
34.285714285714285
3 7 3 0 0 
Actions.pickup
3 7 3 1 0 
0
54.285714285714285
3 7 3 1 0 
Actions.forward
3 6 3 1 0 
0
50.0
3 6 3 1 0 
Actions.right
3 6 0 1 0 
0
50.0
3 6 0 1 0 
Actions.forward
4 6 0 1 0 
0
54.285714285714285
4 6 0 1 0 
Actions.left
4 6 3 1 0 
0
54.285714285714285
4 6 3 1 0 
Actions.forward
4 5 3 1 0 
0
50.0
4 5 3 1 0 
Actions.forward
4 4 3 1 0 
0
45.714285714285715
4 4 3 1 0 
Actions.forward
4 3 3 1 0 
0
41.42857142857143
4 3 3 1 0 
Actions.forward
4 2 3 1 0 
0
37.14285714285714
4 2 3 1 0 
Actions.left
4 2 2 1 0 
0
37.14285714285714
4 2 2 1 0 
Actions.forward
3 2 2 1 0 
0
32.85714285714286
3 2 2 1 0 
Actions.forward
2 2 2 1 0 
0
28.57142857142857
2 2 2 1 0 
Actions.forward
1 2 2 1 0 
0
24.285714285714285
1 2 2 1 0 
Actions.right
1 2 3 1 0 
0
24.285714285714285
1 2 3 1 0 
Actions.forward
1 1 3 1 0 
0
20.0
1 1 3 1 0 
Actions.forward
1 1 3 1 0 
0
20.0
1 1 3 1 0 
Actions.right
1 1 0 1 0 
0
20.0
1 1 0 1 0 
Actions.forward
2 1 0 1 0 
0
24.285714285714285
2 1 0 1 0 
Actions.right
2 1 1 1 0 
0
24.285714285714285
2 1 1 1 0 
Actions.forward
2 2 1 1 0 
0
28.57142857142857
2 2 1 1 0 
Actions.forward
2 3 1 1 0 
0
32.85714285714286
2 3 1 1 0 
Actions.left
2 3 0 1 0 
0
32.85714285714286
2 3 0 1 0 
Actions.forward
3 3 0 1 0 
0
37.14285714285714
3 3 0 1 0 
Actions.forward
4 3 0 1 0 
0
41.42857142857143
4 3 0 1 0 
Actions.right
4 3 1 1 0 
0
41.42857142857143
4 3 1 1 0 
Actions.forward
4 4 1 1 0 
0
45.714285714285715
4 4 1 1 0 
Actions.forward
4 5 1 1 0 
0
50.0
4 5 1 1 0 
Actions.forward
4 6 1 1 0 
0
54.285714285714285
4 6 1 1 0 
Actions.forward
4 7 1 1 0 
0
58.57142857142857
4 7 1 1 0 
Actions.forward
4 8 1 1 0 
0
62.857142857142854
4 8 1 1 0 
Actions.left
4 8 0 1 0 
0
62.857142857142854
4 8 0 1 0 
Actions.left
4 8 3 1 0 
0
62.857142857142854
4 8 3 1 0 
Actions.left
4 8 2 1 0 
0
62.857142857142854
4 8 2 1 0 
Actions.forward
3 8 2 1 0 
0
58.57142857142857
3 8 2 1 0 
Actions.forward
2 8 2 1 0 
0
54.285714285714285
2 8 2 1 0 
Actions.forward
1 8 2 1 0 
0
50.0
1 8 2 1 0 
Actions.right
1 8 3 1 0 
0
50.0
1 8 3 1 0 
Actions.forward
1 7 3 1 0 
0
45.714285714285715
1 7 3 1 0 
Actions.left
1 7 2 1 0 
0
45.714285714285715
1 7 2 1 0 
Actions.forward
1 7 2 1 0 
0
45.714285714285715
1 7 2 1 0 
Actions.right
1 7 3 1 0 
0
45.714285714285715
1 7 3 1 0 
Actions.forward
1 6 3 1 0 
0
41.42857142857143
1 6 3 1 0 
Actions.forward
1 5 3 1 0 
0
37.14285714285714
1 5 3 1 0 
Actions.forward
1 4 3 1 0 
0
32.85714285714286
1 4 3 1 0 
Actions.forward
1 3 3 1 0 
0
28.57142857142857
1 3 3 1 0 
Actions.right
1 3 0 1 0 
0
28.57142857142857
1 3 0 1 0 
Actions.forward
2 3 0 1 0 
0
32.85714285714286
2 3 0 1 0 
Actions.forward
3 3 0 1 0 
0
37.14285714285714
3 3 0 1 0 
Actions.right
3 3 1 1 0 
0
37.14285714285714
3 3 1 1 0 
Actions.left
3 3 0 1 0 
0
37.14285714285714
3 3 0 1 0 
Actions.forward
4 3 0 1 0 
0
41.42857142857143
4 3 0 1 0 
Actions.right
4 3 1 1 0 
0
41.42857142857143
4 3 1 1 0 
Actions.forward
4 4 1 1 0 
0
45.714285714285715
4 4 1 1 0 
Actions.forward
4 5 1 1 0 
0
50.0
4 5 1 1 0 
Actions.forward
4 6 1 1 0 
0
54.285714285714285
4 6 1 1 0 
Actions.left
4 6 0 1 0 
0
54.285714285714285
4 6 0 1 0 
Actions.toggle
4 6 0 1 1 
0
74.28571428571428
4 6 0 1 1 
Actions.forward
5 6 0 1 1 
0
78.57142857142857
5 6 0 1 1 
Actions.forward
6 6 0 1 1 
0
82.85714285714286
6 6 0 1 1 
Actions.right
6 6 1 1 1 
0
82.85714285714286
6 6 1 1 1 
Actions.right
6 6 2 1 1 
0
82.85714285714286
6 6 2 1 1 
Actions.forward
5 6 2 1 1 
0
78.57142857142857
5 6 2 1 1 
Actions.forward
4 6 2 1 1 
0
74.28571428571428
4 6 2 1 1 
Actions.left
4 6 1 1 1 
0
74.28571428571428
4 6 1 1 1 
Actions.forward
4 7 1 1 1 
0
78.57142857142857
4 7 1 1 1 
Actions.right
4 7 2 1 1 
0
78.57142857142857
4 7 2 1 1 
Actions.forward
3 7 2 1 1 
0
74.28571428571428
3 7 2 1 1 
Actions.forward
2 7 2 1 1 
0
70.0
2 7 2 1 1 
Actions.forward
1 7 2 1 1 
0
65.71428571428572
1 7 2 1 1 
Actions.right
1 7 3 1 1 
0
65.71428571428572
1 7 3 1 1 
Actions.forward
1 6 3 1 1 
0
61.42857142857143
1 6 3 1 1 
Actions.forward
1 5 3 1 1 
0
57.14285714285714
1 5 3 1 1 
Actions.forward
1 4 3 1 1 
0
52.85714285714286
1 4 3 1 1 
Actions.forward
1 3 3 1 1 
0
48.57142857142857
1 3 3 1 1 
Actions.forward
1 2 3 1 1 
0
44.285714285714285
1 2 3 1 1 
Actions.forward
1 1 3 1 1 
0
40.0
1 1 3 1 1 
Actions.right
1 1 0 1 1 
0
40.0
1 1 0 1 1 
Actions.forward
2 1 0 1 1 
0
44.285714285714285
2 1 0 1 1 
Actions.right
2 1 1 1 1 
0
44.285714285714285
2 1 1 1 1 
Actions.forward
2 2 1 1 1 
0
48.57142857142857
2 2 1 1 1 
Actions.forward
2 3 1 1 1 
0
52.85714285714286
2 3 1 1 1 
Actions.left
2 3 0 1 1 
0
52.85714285714286
2 3 0 1 1 
Actions.forward
3 3 0 1 1 
0
57.14285714285714
3 3 0 1 1 
Actions.forward
4 3 0 1 1 
0
61.42857142857143
4 3 0 1 1 
Actions.right
4 3 1 1 1 
0
61.42857142857143
4 3 1 1 1 
Actions.forward
4 4 1 1 1 
0
65.71428571428572
4 4 1 1 1 
Actions.forward
4 5 1 1 1 
0
70.0
4 5 1 1 1 
Actions.forward
4 6 1 1 1 
0
74.28571428571428
4 6 1 1 1 
Actions.left
4 6 0 1 1 
0
74.28571428571428
4 6 0 1 1 
Actions.forward
5 6 0 1 1 
0
78.57142857142857
5 6 0 1 1 
Actions.forward
6 6 0 1 1 
0
82.85714285714286
6 6 0 1 1 
Actions.right
6 6 1 1 1 
0
82.85714285714286
6 6 1 1 1 
Actions.forward
6 7 1 1 1 
0
87.14285714285714
6 7 1 1 1 
Actions.left
6 7 0 1 1 
0
87.14285714285714
6 7 0 1 1 
Actions.left
6 7 3 1 1 
0
87.14285714285714
6 7 3 1 1 
Actions.forward
6 6 3 1 1 
0
82.85714285714286
6 6 3 1 1 
Actions.forward
6 5 3 1 1 
0
78.57142857142857
6 5 3 1 1 
Actions.forward
6 4 3 1 1 
0
74.28571428571428
6 4 3 1 1 
Actions.forward
6 3 3 1 1 
0
70.0
6 3 3 1 1 
Actions.forward
6 2 3 1 1 
0
65.71428571428572
6 2 3 1 1 
Actions.forward
6 1 3 1 1 
0
61.42857142857143
6 1 3 1 1 
Actions.right
6 1 0 1 1 
0
61.42857142857143
6 1 0 1 1 
Actions.right
6 1 1 1 1 
0
61.42857142857143
6 1 1 1 1 
Actions.left
6 1 0 1 1 
0
61.42857142857143
6 1 0 1 1 
Actions.right
6 1 1 1 1 
0
61.42857142857143
6 1 1 1 1 
Actions.forward
6 2 1 1 1 
0
65.71428571428572
6 2 1 1 1 
Actions.left
6 2 0 1 1 
0
65.71428571428572
6 2 0 1 1 
Actions.forward
7 2 0 1 1 
0
70.0
7 2 0 1 1 
Actions.right
7 2 1 1 1 
0
70.0
7 2 1 1 1 
Actions.left
7 2 0 1 1 
0
70.0
7 2 0 1 1 
Actions.left
7 2 3 1 1 
0
70.0
7 2 3 1 1 
Actions.left
7 2 2 1 1 
0
70.0
7 2 2 1 1 
Actions.left
7 2 1 1 1 
0
70.0
7 2 1 1 1 
Actions.forward
7 3 1 1 1 
0
74.28571428571428
7 3 1 1 1 
Actions.left
7 3 0 1 1 
0
74.28571428571428
7 3 0 1 1 
Actions.right
7 3 1 1 1 
0
74.28571428571428
7 3 1 1 1 
Actions.left
7 3 0 1 1 
0
74.28571428571428
7 3 0 1 1 
Actions.forward
8 3 0 1 1 
0
78.57142857142857
8 3 0 1 1 
Actions.left
8 3 3 1 1 
0
78.57142857142857
8 3 3 1 1 
Actions.right
8 3 0 1 1 
0
78.57142857142857
8 3 0 1 1 
Actions.left
8 3 3 1 1 
0
78.57142857142857
8 3 3 1 1 
Actions.right
8 3 0 1 1 
0
78.57142857142857
8 3 0 1 1 
Actions.left
8 3 3 1 1 
0
78.57142857142857
8 3 3 1 1 
Actions.right
8 3 0 1 1 
0
78.57142857142857
8 3 0 1 1 
Actions.forward
8 3 0 1 1 
0
78.57142857142857
8 3 0 1 1 
Actions.left
8 3 3 1 1 
0
78.57142857142857
8 3 3 1 1 
Actions.forward
8 2 3 1 1 
0
74.28571428571428
8 2 3 1 1 
Actions.right
8 2 0 1 1 
0
74.28571428571428
8 2 0 1 1 
Actions.left
8 2 3 1 1 
0
74.28571428571428
8 2 3 1 1 
Actions.forward
8 1 3 1 1 
0
70.0
8 1 3 1 1 
Actions.right
8 1 0 1 1 
0
70.0
8 1 0 1 1 
Actions.right
8 1 1 1 1 
0
70.0
8 1 1 1 1 
Actions.left
8 1 0 1 1 
0
70.0
8 1 0 1 1 
Actions.right
8 1 1 1 1 
0
70.0
8 1 1 1 1 
Actions.left
8 1 0 1 1 
0
70.0
8 1 0 1 1 
Actions.right
8 1 1 1 1 
0
70.0
8 1 1 1 1 
Actions.forward
8 2 1 1 1 
0
74.28571428571428
8 2 1 1 1 
Actions.left
8 2 0 1 1 
0
74.28571428571428
8 2 0 1 1 
Actions.right
8 2 1 1 1 
0
74.28571428571428
8 2 1 1 1 
Actions.left
8 2 0 1 1 
0
74.28571428571428
8 2 0 1 1 
Actions.right
8 2 1 1 1 
0
74.28571428571428
8 2 1 1 1 
Actions.left
8 2 0 1 1 
0
74.28571428571428
8 2 0 1 1 
Actions.right
8 2 1 1 1 
0
74.28571428571428
8 2 1 1 1 
Actions.forward
8 3 1 1 1 
0
78.57142857142857
8 3 1 1 1 
Actions.left
8 3 0 1 1 
0
78.57142857142857
8 3 0 1 1 
Actions.forward
8 3 0 1 1 
0
78.57142857142857
8 3 0 1 1 
Actions.right
8 3 1 1 1 
0
78.57142857142857
8 3 1 1 1 
Actions.left
8 3 0 1 1 
0
78.57142857142857
8 3 0 1 1 
Actions.right
8 3 1 1 1 
0
78.57142857142857
8 3 1 1 1 
Actions.forward
8 4 1 1 1 
0
82.85714285714286
8 4 1 1 1 
Actions.left
8 4 0 1 1 
0
82.85714285714286
8 4 0 1 1 
Actions.right
8 4 1 1 1 
0
82.85714285714286
8 4 1 1 1 
Actions.left
8 4 0 1 1 
0
82.85714285714286
8 4 0 1 1 
Actions.right
8 4 1 1 1 
0
82.85714285714286
8 4 1 1 1 
Actions.left
8 4 0 1 1 
0
82.85714285714286
8 4 0 1 1 
Actions.right
8 4 1 1 1 
0
82.85714285714286
8 4 1 1 1 
Actions.forward
8 5 1 1 1 
0
87.14285714285714
8 5 1 1 1 
Actions.left
8 5 0 1 1 
0
87.14285714285714
8 5 0 1 1 
Actions.forward
8 5 0 1 1 
0
87.14285714285714
8 5 0 1 1 
Actions.right
8 5 1 1 1 
0
87.14285714285714
8 5 1 1 1 
Actions.left
8 5 0 1 1 
0
87.14285714285714
8 5 0 1 1 
Actions.right
8 5 1 1 1 
0
87.14285714285714
8 5 1 1 1 
Actions.left
8 5 0 1 1 
0
87.14285714285714
8 5 0 1 1 
Actions.right
8 5 1 1 1 
0
87.14285714285714
8 5 1 1 1 
Actions.left
8 5 0 1 1 
0
87.14285714285714
8 5 0 1 1 
Actions.right
8 5 1 1 1 
0
87.14285714285714
8 5 1 1 1 
Actions.forward
8 6 1 1 1 
0
91.42857142857143
8 6 1 1 1 
Actions.left
8 6 0 1 1 
0
91.42857142857143
8 6 0 1 1 
Actions.forward
8 6 0 1 1 
0
91.42857142857143
8 6 0 1 1 
Actions.right
8 6 1 1 1 
0
91.42857142857143
8 6 1 1 1 
Actions.left
8 6 0 1 1 
0
91.42857142857143
8 6 0 1 1 
Actions.forward
8 6 0 1 1 
0
91.42857142857143
8 6 0 1 1 
Actions.left
8 6 3 1 1 
0
91.42857142857143
8 6 3 1 1 
Actions.left
8 6 2 1 1 
0
91.42857142857143
8 6 2 1 1 
Actions.left
8 6 1 1 1 
0
91.42857142857143
8 6 1 1 1 
Actions.left
8 6 0 1 1 
0
91.42857142857143
8 6 0 1 1 
Actions.left
8 6 3 1 1 
0
91.42857142857143
8 6 3 1 1 
Actions.forward
8 5 3 1 1 
0
87.14285714285714
8 5 3 1 1 
Actions.forward
8 4 3 1 1 
0
82.85714285714286
8 4 3 1 1 
Actions.left
8 4 2 1 1 
0
82.85714285714286
8 4 2 1 1 
Actions.left
8 4 1 1 1 
0
82.85714285714286
8 4 1 1 1 
Actions.forward
8 5 1 1 1 
0
87.14285714285714
8 5 1 1 1 
Actions.forward
8 6 1 1 1 
0
91.42857142857143
8 6 1 1 1 
Actions.forward
8 7 1 1 1 
0
95.71428571428572
8 7 1 1 1 
Actions.forward
8 8 1 1 1 
0.47575
100.0
1 1 0 0 0 
Actions.forward
2 1 0 0 0 
0
4.285714285714286
2 1 0 0 0 
Actions.right
2 1 1 0 0 
0
4.285714285714286
2 1 1 0 0 
Actions.forward
2 2 1 0 0 
0
8.571428571428571
2 2 1 0 0 
Actions.forward
2 3 1 0 0 
0
12.857142857142858
2 3 1 0 0 
Actions.left
2 3 0 0 0 
0
12.857142857142858
2 3 0 0 0 
Actions.forward
3 3 0 0 0 
0
17.142857142857142
3 3 0 0 0 
Actions.forward
4 3 0 0 0 
0
21.428571428571427
4 3 0 0 0 
Actions.right
4 3 1 0 0 
0
21.428571428571427
4 3 1 0 0 
Actions.forward
4 4 1 0 0 
0
25.714285714285715
4 4 1 0 0 
Actions.left
4 4 0 0 0 
0
25.714285714285715
4 4 0 0 0 
Actions.left
4 4 3 0 0 
0
25.714285714285715
4 4 3 0 0 
Actions.left
4 4 2 0 0 
0
25.714285714285715
4 4 2 0 0 
Actions.forward
3 4 2 0 0 
-0.4
11.428571428571427
3 4 2 0 0 
Actions.forward
2 4 2 0 0 
0
7.142857142857142
2 4 2 0 0 
Actions.left
2 4 1 0 0 
0
7.142857142857142
2 4 1 0 0 
Actions.forward
2 5 1 0 0 
-0.4
1.428571428571427
2 5 1 0 0 
Actions.forward
2 6 1 0 0 
-0.4
-4.285714285714285
2 6 1 0 0 
Actions.forward
2 7 1 0 0 
0
0.0
2 7 1 0 0 
Actions.left
2 7 0 0 0 
0
0.0
2 7 0 0 0 
Actions.forward
3 7 0 0 0 
0
4.285714285714285
3 7 0 0 0 
Actions.forward
4 7 0 0 0 
0
8.57142857142857
4 7 0 0 0 
Actions.right
4 7 1 0 0 
0
8.57142857142857
4 7 1 0 0 
Actions.left
4 7 0 0 0 
0
8.57142857142857
4 7 0 0 0 
Actions.left
4 7 3 0 0 
0
8.57142857142857
4 7 3 0 0 
Actions.forward
4 6 3 0 0 
0
4.285714285714285
4 6 3 0 0 
Actions.forward
4 5 3 0 0 
0
0.0
4 5 3 0 0 
Actions.forward
4 4 3 0 0 
0
-4.285714285714285
4 4 3 0 0 
Actions.forward
4 3 3 0 0 
0
-8.571428571428573
4 3 3 0 0 
Actions.forward
4 2 3 0 0 
0
-12.857142857142858
4 2 3 0 0 
Actions.forward
4 1 3 0 0 
-0.4
-27.142857142857142
4 1 3 0 0 
Actions.forward
4 1 3 0 0 
0
-27.142857142857142
4 1 3 0 0 
Actions.left
4 1 2 0 0 
0
-27.142857142857142
4 1 2 0 0 
Actions.left
4 1 1 0 0 
0
-27.142857142857142
4 1 1 0 0 
Actions.left
4 1 0 0 0 
0
-27.142857142857142
4 1 0 0 0 
Actions.left
4 1 3 0 0 
0
-27.142857142857142
4 1 3 0 0 
Actions.left
4 1 2 0 0 
0
-27.142857142857142
4 1 2 0 0 
Actions.forward
3 1 2 0 0 
-0.4
-41.42857142857143
3 1 2 0 0 
Actions.right
3 1 3 0 0 
0
-41.42857142857143
3 1 3 0 0 
Actions.left
3 1 2 0 0 
0
-41.42857142857143
3 1 2 0 0 
Actions.left
3 1 1 0 0 
0
-41.42857142857143
3 1 1 0 0 
Actions.forward
3 2 1 0 0 
0
-37.14285714285714
3 2 1 0 0 
Actions.forward
3 3 1 0 0 
0
-32.85714285714286
3 3 1 0 0 
Actions.forward
3 4 1 0 0 
-0.4
-38.57142857142857
3 4 1 0 0 
Actions.forward
3 5 1 0 0 
0
-34.285714285714285
3 5 1 0 0 
Actions.pickup
3 5 1 1 0 
0
-14.285714285714285
3 5 1 1 0 
Actions.forward
3 6 1 1 0 
0
-10.0
3 6 1 1 0 
Actions.left
3 6 0 1 0 
0
-10.0
3 6 0 1 0 
Actions.forward
4 6 0 1 0 
0
-5.714285714285715
4 6 0 1 0 
Actions.toggle
4 6 0 1 1 
0
14.285714285714278
4 6 0 1 1 
Actions.forward
5 6 0 1 1 
0
18.57142857142857
5 6 0 1 1 
Actions.forward
6 6 0 1 1 
0
22.85714285714286
6 6 0 1 1 
Actions.right
6 6 1 1 1 
0
22.85714285714286
6 6 1 1 1 
Actions.forward
6 7 1 1 1 
0
27.14285714285714
6 7 1 1 1 
Actions.forward
6 8 1 1 1 
0
31.42857142857143
6 8 1 1 1 
Actions.left
6 8 0 1 1 
0
31.42857142857143
6 8 0 1 1 
Actions.forward
7 8 0 1 1 
0
35.71428571428572
7 8 0 1 1 
Actions.right
7 8 1 1 1 
0
35.71428571428572
7 8 1 1 1 
Actions.left
7 8 0 1 1 
0
35.71428571428572
7 8 0 1 1 
Actions.left
7 8 3 1 1 
0
35.71428571428572
7 8 3 1 1 
Actions.forward
7 7 3 1 1 
-0.4
21.42857142857143
7 7 3 1 1 
Actions.forward
7 6 3 1 1 
0
17.14285714285714
7 6 3 1 1 
Actions.forward
7 5 3 1 1 
0
12.857142857142861
7 5 3 1 1 
Actions.forward
7 4 3 1 1 
0
8.57142857142857
7 4 3 1 1 
Actions.forward
7 3 3 1 1 
0
4.285714285714278
7 3 3 1 1 
Actions.forward
7 2 3 1 1 
0
0.0
7 2 3 1 1 
Actions.forward
7 1 3 1 1 
0
-4.285714285714278
7 1 3 1 1 
Actions.forward
7 1 3 1 1 
0
-4.285714285714278
7 1 3 1 1 
Actions.right
7 1 0 1 1 
0
-4.285714285714278
7 1 0 1 1 
Actions.forward
8 1 0 1 1 
0
0.0
8 1 0 1 1 
Actions.right
8 1 1 1 1 
0
0.0
8 1 1 1 1 
Actions.forward
8 2 1 1 1 
0
4.285714285714278
8 2 1 1 1 
Actions.forward
8 3 1 1 1 
0
8.57142857142857
8 3 1 1 1 
Actions.left
8 3 0 1 1 
0
8.57142857142857
8 3 0 1 1 
Actions.forward
8 3 0 1 1 
0
8.57142857142857
8 3 0 1 1 
Actions.forward
8 3 0 1 1 
0
8.57142857142857
8 3 0 1 1 
Actions.forward
8 3 0 1 1 
0
8.57142857142857
8 3 0 1 1 
Actions.right
8 3 1 1 1 
0
8.57142857142857
8 3 1 1 1 
Actions.forward
8 4 1 1 1 
0
12.857142857142861
8 4 1 1 1 
Actions.forward
8 5 1 1 1 
0
17.14285714285714
8 5 1 1 1 
Actions.left
8 5 0 1 1 
0
17.14285714285714
8 5 0 1 1 
Actions.forward
8 5 0 1 1 
0
17.14285714285714
8 5 0 1 1 
Actions.forward
8 5 0 1 1 
0
17.14285714285714
8 5 0 1 1 
Actions.right
8 5 1 1 1 
0
17.14285714285714
8 5 1 1 1 
Actions.forward
8 6 1 1 1 
0
21.42857142857143
8 6 1 1 1 
Actions.forward
8 7 1 1 1 
0
25.714285714285722
8 7 1 1 1 
Actions.forward
8 8 1 1 1 
0.8065
30.0
1 1 0 0 0 
Actions.right
1 1 1 0 0 
0
0.0
1 1 1 0 0 
Actions.forward
1 2 1 0 0 
0
4.285714285714286
1 2 1 0 0 
Actions.left
1 2 0 0 0 
0
4.285714285714286
1 2 0 0 0 
Actions.forward
2 2 0 0 0 
0
8.571428571428571
2 2 0 0 0 
Actions.forward
3 2 0 0 0 
0
12.857142857142858
3 2 0 0 0 
Actions.forward
4 2 0 0 0 
0
17.142857142857142
4 2 0 0 0 
Actions.left
4 2 3 0 0 
0
17.142857142857142
4 2 3 0 0 
Actions.forward
4 1 3 0 0 
-0.4
2.8571428571428577
4 1 3 0 0 
Actions.left
4 1 2 0 0 
0
2.8571428571428577
4 1 2 0 0 
Actions.left
4 1 1 0 0 
0
2.8571428571428577
4 1 1 0 0 
Actions.left
4 1 0 0 0 
0
2.8571428571428577
4 1 0 0 0 
Actions.left
4 1 3 0 0 
0
2.8571428571428577
4 1 3 0 0 
Actions.left
4 1 2 0 0 
0
2.8571428571428577
4 1 2 0 0 
Actions.forward
3 1 2 0 0 
-0.4
-11.428571428571429
3 1 2 0 0 
Actions.right
3 1 3 0 0 
0
-11.428571428571429
3 1 3 0 0 
Actions.left
3 1 2 0 0 
0
-11.428571428571429
3 1 2 0 0 
Actions.left
3 1 1 0 0 
0
-11.428571428571429
3 1 1 0 0 
Actions.forward
3 2 1 0 0 
0
-7.142857142857142
3 2 1 0 0 
Actions.forward
3 3 1 0 0 
0
-2.8571428571428577
3 3 1 0 0 
Actions.forward
3 4 1 0 0 
-0.4
-8.571428571428573
3 4 1 0 0 
Actions.left
3 4 0 0 0 
0
-8.571428571428573
3 4 0 0 0 
Actions.left
3 4 3 0 0 
0
-8.571428571428573
3 4 3 0 0 
Actions.left
3 4 2 0 0 
0
-8.571428571428573
3 4 2 0 0 
Actions.forward
2 4 2 0 0 
0
-12.857142857142858
2 4 2 0 0 
Actions.right
2 4 3 0 0 
0
-12.857142857142858
2 4 3 0 0 
Actions.right
2 4 0 0 0 
0
-12.857142857142858
2 4 0 0 0 
Actions.forward
3 4 0 0 0 
-0.4
-18.571428571428573
3 4 0 0 0 
Actions.right
3 4 1 0 0 
0
-18.571428571428573
3 4 1 0 0 
Actions.forward
3 5 1 0 0 
0
-14.285714285714285
3 5 1 0 0 
Actions.pickup
3 5 1 1 0 
0
5.714285714285715
3 5 1 1 0 
Actions.forward
3 6 1 1 0 
0
10.0
3 6 1 1 0 
Actions.left
3 6 0 1 0 
0
10.0
3 6 0 1 0 
Actions.forward
4 6 0 1 0 
0
14.285714285714285
4 6 0 1 0 
Actions.pickup
4 6 0 1 0 
0
14.285714285714285
4 6 0 1 0 
Actions.toggle
4 6 0 1 1 
0
34.28571428571428
4 6 0 1 1 
Actions.left
4 6 3 1 1 
0
34.28571428571428
4 6 3 1 1 
Actions.left
4 6 2 1 1 
0
34.28571428571428
4 6 2 1 1 
Actions.forward
3 6 2 1 1 
0
30.0
3 6 2 1 1 
Actions.forward
2 6 2 1 1 
-0.4
15.714285714285722
2 6 2 1 1 
Actions.right
2 6 3 1 1 
0
15.714285714285722
2 6 3 1 1 
Actions.forward
2 5 3 1 1 
-0.4
1.4285714285714306
2 5 3 1 1 
Actions.forward
2 4 3 1 1 
0
-2.857142857142861
2 4 3 1 1 
Actions.forward
2 3 3 1 1 
0
-7.142857142857139
2 3 3 1 1 
Actions.right
2 3 0 1 1 
0
-7.142857142857139
2 3 0 1 1 
Actions.forward
3 3 0 1 1 
0
-2.857142857142861
3 3 0 1 1 
Actions.right
3 3 1 1 1 
0
-2.857142857142861
3 3 1 1 1 
Actions.forward
3 4 1 1 1 
-0.4
-8.57142857142857
3 4 1 1 1 
Actions.left
3 4 0 1 1 
0
-8.57142857142857
3 4 0 1 1 
Actions.left
3 4 3 1 1 
0
-8.57142857142857
3 4 3 1 1 
Actions.forward
3 3 3 1 1 
0
-12.857142857142861
3 3 3 1 1 
Actions.forward
3 2 3 1 1 
0
-17.14285714285714
3 2 3 1 1 
Actions.forward
3 1 3 1 1 
-0.4
-31.42857142857143
3 1 3 1 1 
Actions.right
3 1 0 1 1 
0
-31.42857142857143
3 1 0 1 1 
Actions.forward
4 1 0 1 1 
-0.4
-37.14285714285714
4 1 0 1 1 
Actions.right
4 1 1 1 1 
0
-37.14285714285714
4 1 1 1 1 
Actions.forward
4 2 1 1 1 
0
-32.85714285714286
4 2 1 1 1 
Actions.forward
4 3 1 1 1 
0
-28.57142857142857
4 3 1 1 1 
Actions.forward
4 4 1 1 1 
0
-24.285714285714278
4 4 1 1 1 
Actions.forward
4 5 1 1 1 
0
-20.0
4 5 1 1 1 
Actions.forward
4 6 1 1 1 
0
-15.714285714285722
4 6 1 1 1 
Actions.forward
4 7 1 1 1 
0
-11.42857142857143
4 7 1 1 1 
Actions.left
4 7 0 1 1 
0
-11.42857142857143
4 7 0 1 1 
Actions.forward
4 7 0 1 1 
0
-11.42857142857143
4 7 0 1 1 
Actions.left
4 7 3 1 1 
0
-11.42857142857143
4 7 3 1 1 
Actions.forward
4 6 3 1 1 
0
-15.714285714285722
4 6 3 1 1 
Actions.right
4 6 0 1 1 
0
-15.714285714285722
4 6 0 1 1 
Actions.forward
5 6 0 1 1 
0
-11.42857142857143
5 6 0 1 1 
Actions.forward
6 6 0 1 1 
0
-7.142857142857139
6 6 0 1 1 
Actions.left
6 6 3 1 1 
0
-7.142857142857139
6 6 3 1 1 
Actions.forward
6 5 3 1 1 
0
-11.42857142857143
6 5 3 1 1 
Actions.forward
6 4 3 1 1 
0
-15.714285714285722
6 4 3 1 1 
Actions.forward
6 3 3 1 1 
0
-20.0
6 3 3 1 1 
Actions.right
6 3 0 1 1 
0
-20.0
6 3 0 1 1 
Actions.right
6 3 1 1 1 
0
-20.0
6 3 1 1 1 
Actions.left
6 3 0 1 1 
0
-20.0
6 3 0 1 1 
Actions.forward
7 3 0 1 1 
0
-15.714285714285722
7 3 0 1 1 
Actions.forward
8 3 0 1 1 
0
-11.42857142857143
8 3 0 1 1 
Actions.right
8 3 1 1 1 
0
-11.42857142857143
8 3 1 1 1 
Actions.forward
8 4 1 1 1 
0
-7.142857142857139
8 4 1 1 1 
Actions.forward
8 5 1 1 1 
0
-2.857142857142861
8 5 1 1 1 
Actions.forward
8 6 1 1 1 
0
1.4285714285714306
8 6 1 1 1 
Actions.left
8 6 0 1 1 
0
1.4285714285714306
8 6 0 1 1 
Actions.left
8 6 3 1 1 
0
1.4285714285714306
8 6 3 1 1 
Actions.left
8 6 2 1 1 
0
1.4285714285714306
8 6 2 1 1 
Actions.forward
7 6 2 1 1 
0
-2.857142857142861
7 6 2 1 1 
Actions.right
7 6 3 1 1 
0
-2.857142857142861
7 6 3 1 1 
Actions.left
7 6 2 1 1 
0
-2.857142857142861
7 6 2 1 1 
Actions.left
7 6 1 1 1 
0
-2.857142857142861
7 6 1 1 1 
Actions.forward
7 7 1 1 1 
-0.4
-8.57142857142857
7 7 1 1 1 
Actions.forward
7 8 1 1 1 
0
-4.285714285714278
7 8 1 1 1 
Actions.left
7 8 0 1 1 
0
-4.285714285714278
7 8 0 1 1 
Actions.forward
8 8 0 1 1 
0.7929999999999999
0.0
1 1 0 0 0 
Actions.forward
2 1 0 0 0 
0
4.285714285714286
2 1 0 0 0 
Actions.right
2 1 1 0 0 
0
4.285714285714286
2 1 1 0 0 
Actions.forward
2 2 1 0 0 
0
8.571428571428571
2 2 1 0 0 
Actions.forward
2 3 1 0 0 
0
12.857142857142858
2 3 1 0 0 
Actions.left
2 3 0 0 0 
0
12.857142857142858
2 3 0 0 0 
Actions.forward
3 3 0 0 0 
0
17.142857142857142
3 3 0 0 0 
Actions.forward
4 3 0 0 0 
0
21.428571428571427
4 3 0 0 0 
Actions.right
4 3 1 0 0 
0
21.428571428571427
4 3 1 0 0 
Actions.forward
4 4 1 0 0 
0
25.714285714285715
4 4 1 0 0 
Actions.forward
4 5 1 0 0 
0
30.0
4 5 1 0 0 
Actions.forward
4 6 1 0 0 
0
34.285714285714285
4 6 1 0 0 
Actions.left
4 6 0 0 0 
0
34.285714285714285
4 6 0 0 0 
Actions.left
4 6 3 0 0 
0
34.285714285714285
4 6 3 0 0 
Actions.left
4 6 2 0 0 
0
34.285714285714285
4 6 2 0 0 
Actions.pickup
4 6 2 1 0 
0
54.285714285714285
4 6 2 1 0 
Actions.right
4 6 3 1 0 
0
54.285714285714285
4 6 3 1 0 
Actions.right
4 6 0 1 0 
0
54.285714285714285
4 6 0 1 0 
Actions.toggle
4 6 0 1 1 
0
74.28571428571428
4 6 0 1 1 
Actions.forward
5 6 0 1 1 
0
78.57142857142857
5 6 0 1 1 
Actions.forward
6 6 0 1 1 
0
82.85714285714286
6 6 0 1 1 
Actions.right
6 6 1 1 1 
0
82.85714285714286
6 6 1 1 1 
Actions.forward
6 7 1 1 1 
0
87.14285714285714
6 7 1 1 1 
Actions.forward
6 8 1 1 1 
0
91.42857142857143
6 8 1 1 1 
Actions.left
6 8 0 1 1 
0
91.42857142857143
6 8 0 1 1 
Actions.forward
7 8 0 1 1 
0
95.71428571428572
7 8 0 1 1 
Actions.forward
8 8 0 1 1 
0.9415
100.0
1 1 0 0 0 
Actions.forward
2 1 0 0 0 
0
4.285714285714286
2 1 0 0 0 
Actions.right
2 1 1 0 0 
0
4.285714285714286
2 1 1 0 0 
Actions.forward
2 2 1 0 0 
0
8.571428571428571
2 2 1 0 0 
Actions.forward
2 3 1 0 0 
0
12.857142857142858
2 3 1 0 0 
Actions.left
2 3 0 0 0 
0
12.857142857142858
2 3 0 0 0 
Actions.forward
3 3 0 0 0 
0
17.142857142857142
3 3 0 0 0 
Actions.forward
4 3 0 0 0 
0
21.428571428571427
4 3 0 0 0 
Actions.right
4 3 1 0 0 
0
21.428571428571427
4 3 1 0 0 
Actions.forward
4 4 1 0 0 
0
25.714285714285715
4 4 1 0 0 
Actions.forward
4 5 1 0 0 
0
30.0
4 5 1 0 0 
Actions.forward
4 6 1 0 0 
0
34.285714285714285
4 6 1 0 0 
Actions.right
4 6 2 0 0 
0
34.285714285714285
4 6 2 0 0 
Actions.pickup
4 6 2 1 0 
0
54.285714285714285
4 6 2 1 0 
Actions.left
4 6 1 1 0 
0
54.285714285714285
4 6 1 1 0 
Actions.left
4 6 0 1 0 
0
54.285714285714285
4 6 0 1 0 
Actions.toggle
4 6 0 1 1 
0
74.28571428571428
4 6 0 1 1 
Actions.forward
5 6 0 1 1 
0
78.57142857142857
5 6 0 1 1 
Actions.forward
6 6 0 1 1 
0
82.85714285714286
6 6 0 1 1 
Actions.forward
7 6 0 1 1 
0
87.14285714285714
7 6 0 1 1 
Actions.forward
8 6 0 1 1 
0
91.42857142857143
8 6 0 1 1 
Actions.right
8 6 1 1 1 
0
91.42857142857143
8 6 1 1 1 
Actions.forward
8 7 1 1 1 
0
95.71428571428572
8 7 1 1 1 
Actions.forward
8 8 1 1 1 
0.94825
100.0
1 1 0 0 0 
Actions.right
1 1 1 0 0 
0
0.0
1 1 1 0 0 
Actions.forward
1 2 1 0 0 
0
4.285714285714286
1 2 1 0 0 
Actions.forward
1 3 1 0 0 
0
8.571428571428571
1 3 1 0 0 
Actions.left
1 3 0 0 0 
0
8.571428571428571
1 3 0 0 0 
Actions.forward
2 3 0 0 0 
0
12.857142857142858
2 3 0 0 0 
Actions.forward
3 3 0 0 0 
0
17.142857142857142
3 3 0 0 0 
Actions.forward
4 3 0 0 0 
0
21.428571428571427
4 3 0 0 0 
Actions.right
4 3 1 0 0 
0
21.428571428571427
4 3 1 0 0 
Actions.forward
4 4 1 0 0 
0
25.714285714285715
4 4 1 0 0 
Actions.forward
4 5 1 0 0 
0
30.0
4 5 1 0 0 
Actions.forward
4 6 1 0 0 
0
34.285714285714285
4 6 1 0 0 
Actions.left
4 6 0 0 0 
0
34.285714285714285
4 6 0 0 0 
Actions.left
4 6 3 0 0 
0
34.285714285714285
4 6 3 0 0 
Actions.left
4 6 2 0 0 
0
34.285714285714285
4 6 2 0 0 
Actions.toggle
4 6 2 0 0 
0
34.285714285714285
4 6 2 0 0 
Actions.pickup
4 6 2 1 0 
0
54.285714285714285
4 6 2 1 0 
Actions.right
4 6 3 1 0 
0
54.285714285714285
4 6 3 1 0 
Actions.right
4 6 0 1 0 
0
54.285714285714285
4 6 0 1 0 
Actions.toggle
4 6 0 1 1 
0
74.28571428571428
4 6 0 1 1 
Actions.forward
5 6 0 1 1 
0
78.57142857142857
5 6 0 1 1 
Actions.forward
6 6 0 1 1 
0
82.85714285714286
6 6 0 1 1 
Actions.forward
7 6 0 1 1 
0
87.14285714285714
7 6 0 1 1 
Actions.right
7 6 1 1 1 
0
87.14285714285714
7 6 1 1 1 
Actions.forward
7 7 1 1 1 
-0.4
81.42857142857143
7 7 1 1 1 
Actions.forward
7 8 1 1 1 
0
85.71428571428572
7 8 1 1 1 
Actions.left
7 8 0 1 1 
0
85.71428571428572
7 8 0 1 1 
Actions.forward
8 8 0 1 1 
0.93925
90.0
1 1 0 0 0 
Actions.right
1 1 1 0 0 
0
0.0
1 1 1 0 0 
Actions.forward
1 2 1 0 0 
0
4.285714285714286
1 2 1 0 0 
Actions.forward
1 3 1 0 0 
0
8.571428571428571
1 3 1 0 0 
Actions.forward
1 4 1 0 0 
0
12.857142857142858
1 4 1 0 0 
Actions.left
1 4 0 0 0 
0
12.857142857142858
1 4 0 0 0 
Actions.right
1 4 1 0 0 
0
12.857142857142858
1 4 1 0 0 
Actions.left
1 4 0 0 0 
0
12.857142857142858
1 4 0 0 0 
Actions.forward
2 4 0 0 0 
0
17.142857142857142
2 4 0 0 0 
Actions.right
2 4 1 0 0 
0
17.142857142857142
2 4 1 0 0 
Actions.forward
2 5 1 0 0 
-0.4
11.428571428571427
2 5 1 0 0 
Actions.forward
2 6 1 0 0 
-0.4
5.714285714285715
2 6 1 0 0 
Actions.forward
2 7 1 0 0 
0
10.0
2 7 1 0 0 
Actions.left
2 7 0 0 0 
0
10.0
2 7 0 0 0 
Actions.left
2 7 3 0 0 
0
10.0
2 7 3 0 0 
Actions.forward
2 6 3 0 0 
-0.4
-4.285714285714285
2 6 3 0 0 
Actions.forward
2 5 3 0 0 
-0.4
-18.571428571428573
2 5 3 0 0 
Actions.forward
2 4 3 0 0 
0
-22.857142857142858
2 4 3 0 0 
Actions.forward
2 3 3 0 0 
0
-27.142857142857142
2 3 3 0 0 
Actions.forward
2 2 3 0 0 
0
-31.42857142857143
2 2 3 0 0 
Actions.forward
2 1 3 0 0 
0
-35.714285714285715
2 1 3 0 0 
Actions.forward
2 1 3 0 0 
0
-35.714285714285715
2 1 3 0 0 
Actions.right
2 1 0 0 0 
0
-35.714285714285715
2 1 0 0 0 
Actions.right
2 1 1 0 0 
0
-35.714285714285715
2 1 1 0 0 
Actions.right
2 1 2 0 0 
0
-35.714285714285715
2 1 2 0 0 
Actions.right
2 1 3 0 0 
0
-35.714285714285715
2 1 3 0 0 
Actions.left
2 1 2 0 0 
0
-35.714285714285715
2 1 2 0 0 
Actions.left
2 1 1 0 0 
0
-35.714285714285715
2 1 1 0 0 
Actions.forward
2 2 1 0 0 
0
-31.42857142857143
2 2 1 0 0 
Actions.forward
2 3 1 0 0 
0
-27.142857142857142
2 3 1 0 0 
Actions.left
2 3 0 0 0 
0
-27.142857142857142
2 3 0 0 0 
Actions.forward
3 3 0 0 0 
0
-22.857142857142858
3 3 0 0 0 
Actions.forward
4 3 0 0 0 
0
-18.571428571428573
4 3 0 0 0 
Actions.right
4 3 1 0 0 
0
-18.571428571428573
4 3 1 0 0 
Actions.forward
4 4 1 0 0 
0
-14.285714285714285
4 4 1 0 0 
Actions.forward
4 5 1 0 0 
0
-10.0
4 5 1 0 0 
Actions.forward
4 6 1 0 0 
0
-5.714285714285715
4 6 1 0 0 
Actions.right
4 6 2 0 0 
0
-5.714285714285715
4 6 2 0 0 
Actions.pickup
4 6 2 1 0 
0
14.285714285714285
4 6 2 1 0 
Actions.toggle
4 6 2 1 0 
0
14.285714285714285
4 6 2 1 0 
Actions.left
4 6 1 1 0 
0
14.285714285714285
4 6 1 1 0 
Actions.left
4 6 0 1 0 
0
14.285714285714285
4 6 0 1 0 
Actions.toggle
4 6 0 1 1 
0
34.28571428571428
4 6 0 1 1 
Actions.forward
5 6 0 1 1 
0
38.57142857142857
5 6 0 1 1 
Actions.forward
6 6 0 1 1 
0
42.85714285714286
6 6 0 1 1 
Actions.forward
7 6 0 1 1 
0
47.14285714285714
7 6 0 1 1 
Actions.right
7 6 1 1 1 
0
47.14285714285714
7 6 1 1 1 
Actions.forward
7 7 1 1 1 
-0.4
41.42857142857143
7 7 1 1 1 
Actions.forward
7 8 1 1 1 
0
45.71428571428572
7 8 1 1 1 
Actions.left
7 8 0 1 1 
0
45.71428571428572
7 8 0 1 1 
Actions.forward
8 8 0 1 1 
0.8875
50.0
1 1 0 0 0 
Actions.forward
2 1 0 0 0 
0
4.285714285714286
2 1 0 0 0 
Actions.right
2 1 1 0 0 
0
4.285714285714286
2 1 1 0 0 
Actions.forward
2 2 1 0 0 
0
8.571428571428571
2 2 1 0 0 
Actions.forward
2 3 1 0 0 
0
12.857142857142858
2 3 1 0 0 
Actions.left
2 3 0 0 0 
0
12.857142857142858
2 3 0 0 0 
Actions.forward
3 3 0 0 0 
0
17.142857142857142
3 3 0 0 0 
Actions.forward
4 3 0 0 0 
0
21.428571428571427
4 3 0 0 0 
Actions.forward
4 3 0 0 0 
0
21.428571428571427
4 3 0 0 0 
Actions.right
4 3 1 0 0 
0
21.428571428571427
4 3 1 0 0 
Actions.forward
4 4 1 0 0 
0
25.714285714285715
4 4 1 0 0 
Actions.forward
4 5 1 0 0 
0
30.0
4 5 1 0 0 
Actions.forward
4 6 1 0 0 
0
34.285714285714285
4 6 1 0 0 
Actions.left
4 6 0 0 0 
0
34.285714285714285
4 6 0 0 0 
Actions.left
4 6 3 0 0 
0
34.285714285714285
4 6 3 0 0 
Actions.left
4 6 2 0 0 
0
34.285714285714285
4 6 2 0 0 
Actions.pickup
4 6 2 1 0 
0
54.285714285714285
4 6 2 1 0 
Actions.forward
3 6 2 1 0 
0
50.0
3 6 2 1 0 
Actions.forward
2 6 2 1 0 
-0.4
35.714285714285715
2 6 2 1 0 
Actions.right
2 6 3 1 0 
0
35.714285714285715
2 6 3 1 0 
Actions.right
2 6 0 1 0 
0
35.714285714285715
2 6 0 1 0 
Actions.forward
3 6 0 1 0 
0
40.0
3 6 0 1 0 
Actions.forward
4 6 0 1 0 
0
44.285714285714285
4 6 0 1 0 
Actions.toggle
4 6 0 1 1 
0
64.28571428571428
4 6 0 1 1 
Actions.forward
5 6 0 1 1 
0
68.57142857142857
5 6 0 1 1 
Actions.forward
6 6 0 1 1 
0
72.85714285714286
6 6 0 1 1 
Actions.right
6 6 1 1 1 
0
72.85714285714286
6 6 1 1 1 
Actions.forward
6 7 1 1 1 
0
77.14285714285714
6 7 1 1 1 
Actions.forward
6 8 1 1 1 
0
81.42857142857143
6 8 1 1 1 
Actions.left
6 8 0 1 1 
0
81.42857142857143
6 8 0 1 1 
Actions.forward
7 8 0 1 1 
0
85.71428571428572
7 8 0 1 1 
Actions.forward
8 8 0 1 1 
0.93025
90.0
