1 1 0 0 0 
Actions.right
1 1 1 0 0 
0
0.0
1 1 1 0 0 
Actions.forward
1 2 1 0 0 
0
4.285714285714286
1 2 1 0 0 
Actions.forward
1 3 1 0 0 
0
8.571428571428571
1 3 1 0 0 
Actions.forward
1 4 1 0 0 
0
12.857142857142858
1 4 1 0 0 
Actions.forward
1 5 1 0 0 
0
17.142857142857142
1 5 1 0 0 
Actions.forward
1 6 1 0 0 
0
21.428571428571427
1 6 1 0 0 
Actions.forward
1 7 1 0 0 
0
25.714285714285715
1 7 1 0 0 
Actions.left
1 7 0 0 0 
0
25.714285714285715
1 7 0 0 0 
Actions.forward
2 7 0 0 0 
0
30.0
2 7 0 0 0 
Actions.forward
3 7 0 0 0 
0
34.285714285714285
3 7 0 0 0 
Actions.left
3 7 3 0 0 
0
34.285714285714285
3 7 3 0 0 
Actions.pickup
3 7 3 1 0 
0
54.285714285714285
3 7 3 1 0 
Actions.forward
3 6 3 1 0 
0
50.0
3 6 3 1 0 
Actions.right
3 6 0 1 0 
0
50.0
3 6 0 1 0 
Actions.forward
4 6 0 1 0 
0
54.285714285714285
4 6 0 1 0 
Actions.toggle
4 6 0 1 1 
0
74.28571428571428
4 6 0 1 1 
Actions.forward
5 6 0 1 1 
0
78.57142857142857
5 6 0 1 1 
Actions.forward
6 6 0 1 1 
0
82.85714285714286
6 6 0 1 1 
Actions.forward
7 6 0 1 1 
0
87.14285714285714
7 6 0 1 1 
Actions.forward
8 6 0 1 1 
0
91.42857142857143
8 6 0 1 1 
Actions.right
8 6 1 1 1 
0
91.42857142857143
8 6 1 1 1 
Actions.forward
8 7 1 1 1 
0
95.71428571428572
8 7 1 1 1 
Actions.forward
8 8 1 1 1 
0.94825
100.0
1 1 0 0 0 
Actions.right
1 1 1 0 0 
0
0.0
1 1 1 0 0 
Actions.forward
1 2 1 0 0 
0
4.285714285714286
1 2 1 0 0 
Actions.forward
1 3 1 0 0 
0
8.571428571428571
1 3 1 0 0 
Actions.forward
1 4 1 0 0 
0
12.857142857142858
1 4 1 0 0 
Actions.forward
1 5 1 0 0 
0
17.142857142857142
1 5 1 0 0 
Actions.forward
1 6 1 0 0 
0
21.428571428571427
1 6 1 0 0 
Actions.forward
1 7 1 0 0 
0
25.714285714285715
1 7 1 0 0 
Actions.left
1 7 0 0 0 
0
25.714285714285715
1 7 0 0 0 
Actions.forward
2 7 0 0 0 
0
30.0
2 7 0 0 0 
Actions.forward
3 7 0 0 0 
0
34.285714285714285
3 7 0 0 0 
Actions.left
3 7 3 0 0 
0
34.285714285714285
3 7 3 0 0 
Actions.pickup
3 7 3 1 0 
0
54.285714285714285
3 7 3 1 0 
Actions.forward
3 6 3 1 0 
0
50.0
3 6 3 1 0 
Actions.right
3 6 0 1 0 
0
50.0
3 6 0 1 0 
Actions.forward
4 6 0 1 0 
0
54.285714285714285
4 6 0 1 0 
Actions.toggle
4 6 0 1 1 
0
74.28571428571428
4 6 0 1 1 
Actions.forward
5 6 0 1 1 
0
78.57142857142857
5 6 0 1 1 
Actions.forward
6 6 0 1 1 
0
82.85714285714286
6 6 0 1 1 
Actions.right
6 6 1 1 1 
0
82.85714285714286
6 6 1 1 1 
Actions.forward
6 7 1 1 1 
0
87.14285714285714
6 7 1 1 1 
Actions.forward
6 8 1 1 1 
0
91.42857142857143
6 8 1 1 1 
Actions.left
6 8 0 1 1 
0
91.42857142857143
6 8 0 1 1 
Actions.forward
7 8 0 1 1 
0
95.71428571428572
7 8 0 1 1 
Actions.forward
8 8 0 1 1 
0.946
100.0
1 1 0 0 0 
Actions.forward
2 1 0 0 0 
0
4.285714285714286
2 1 0 0 0 
Actions.right
2 1 1 0 0 
0
4.285714285714286
2 1 1 0 0 
Actions.forward
2 2 1 0 0 
0
8.571428571428571
2 2 1 0 0 
Actions.forward
2 3 1 0 0 
0
12.857142857142858
2 3 1 0 0 
Actions.left
2 3 0 0 0 
0
12.857142857142858
2 3 0 0 0 
Actions.forward
3 3 0 0 0 
0
17.142857142857142
3 3 0 0 0 
Actions.forward
4 3 0 0 0 
0
21.428571428571427
4 3 0 0 0 
Actions.right
4 3 1 0 0 
0
21.428571428571427
4 3 1 0 0 
Actions.forward
4 4 1 0 0 
0
25.714285714285715
4 4 1 0 0 
Actions.forward
4 5 1 0 0 
0
30.0
4 5 1 0 0 
Actions.forward
4 6 1 0 0 
0
34.285714285714285
4 6 1 0 0 
Actions.right
4 6 2 0 0 
0
34.285714285714285
4 6 2 0 0 
Actions.pickup
4 6 2 1 0 
0
54.285714285714285
4 6 2 1 0 
Actions.left
4 6 1 1 0 
0
54.285714285714285
4 6 1 1 0 
Actions.left
4 6 0 1 0 
0
54.285714285714285
4 6 0 1 0 
Actions.toggle
4 6 0 1 1 
0
74.28571428571428
4 6 0 1 1 
Actions.forward
5 6 0 1 1 
0
78.57142857142857
5 6 0 1 1 
Actions.forward
6 6 0 1 1 
0
82.85714285714286
6 6 0 1 1 
Actions.forward
7 6 0 1 1 
0
87.14285714285714
7 6 0 1 1 
Actions.forward
8 6 0 1 1 
0
91.42857142857143
8 6 0 1 1 
Actions.right
8 6 1 1 1 
0
91.42857142857143
8 6 1 1 1 
Actions.forward
8 7 1 1 1 
0
95.71428571428572
8 7 1 1 1 
Actions.forward
8 8 1 1 1 
0.94825
100.0
1 1 0 0 0 
Actions.forward
2 1 0 0 0 
0
4.285714285714286
2 1 0 0 0 
Actions.right
2 1 1 0 0 
0
4.285714285714286
2 1 1 0 0 
Actions.forward
2 2 1 0 0 
0
8.571428571428571
2 2 1 0 0 
Actions.left
2 2 0 0 0 
0
8.571428571428571
2 2 0 0 0 
Actions.forward
3 2 0 0 0 
0
12.857142857142858
3 2 0 0 0 
Actions.forward
4 2 0 0 0 
0
17.142857142857142
4 2 0 0 0 
Actions.right
4 2 1 0 0 
0
17.142857142857142
4 2 1 0 0 
Actions.forward
4 3 1 0 0 
0
21.428571428571427
4 3 1 0 0 
Actions.forward
4 4 1 0 0 
0
25.714285714285715
4 4 1 0 0 
Actions.forward
4 5 1 0 0 
0
30.0
4 5 1 0 0 
Actions.forward
4 6 1 0 0 
0
34.285714285714285
4 6 1 0 0 
Actions.right
4 6 2 0 0 
0
34.285714285714285
4 6 2 0 0 
Actions.pickup
4 6 2 1 0 
0
54.285714285714285
4 6 2 1 0 
Actions.left
4 6 1 1 0 
0
54.285714285714285
4 6 1 1 0 
Actions.left
4 6 0 1 0 
0
54.285714285714285
4 6 0 1 0 
Actions.toggle
4 6 0 1 1 
0
74.28571428571428
4 6 0 1 1 
Actions.forward
5 6 0 1 1 
0
78.57142857142857
5 6 0 1 1 
Actions.forward
6 6 0 1 1 
0
82.85714285714286
6 6 0 1 1 
Actions.forward
7 6 0 1 1 
0
87.14285714285714
7 6 0 1 1 
Actions.forward
8 6 0 1 1 
0
91.42857142857143
8 6 0 1 1 
Actions.right
8 6 1 1 1 
0
91.42857142857143
8 6 1 1 1 
Actions.forward
8 7 1 1 1 
0
95.71428571428572
8 7 1 1 1 
Actions.forward
8 8 1 1 1 
0.94825
100.0
1 1 0 0 0 
Actions.forward
2 1 0 0 0 
0
4.285714285714286
2 1 0 0 0 
Actions.right
2 1 1 0 0 
0
4.285714285714286
2 1 1 0 0 
Actions.forward
2 2 1 0 0 
0
8.571428571428571
2 2 1 0 0 
Actions.forward
2 3 1 0 0 
0
12.857142857142858
2 3 1 0 0 
Actions.left
2 3 0 0 0 
0
12.857142857142858
2 3 0 0 0 
Actions.forward
3 3 0 0 0 
0
17.142857142857142
3 3 0 0 0 
Actions.forward
4 3 0 0 0 
0
21.428571428571427
4 3 0 0 0 
Actions.right
4 3 1 0 0 
0
21.428571428571427
4 3 1 0 0 
Actions.forward
4 4 1 0 0 
0
25.714285714285715
4 4 1 0 0 
Actions.forward
4 5 1 0 0 
0
30.0
4 5 1 0 0 
Actions.forward
4 6 1 0 0 
0
34.285714285714285
4 6 1 0 0 
Actions.right
4 6 2 0 0 
0
34.285714285714285
4 6 2 0 0 
Actions.pickup
4 6 2 1 0 
0
54.285714285714285
4 6 2 1 0 
Actions.left
4 6 1 1 0 
0
54.285714285714285
4 6 1 1 0 
Actions.left
4 6 0 1 0 
0
54.285714285714285
4 6 0 1 0 
Actions.toggle
4 6 0 1 1 
0
74.28571428571428
4 6 0 1 1 
Actions.forward
5 6 0 1 1 
0
78.57142857142857
5 6 0 1 1 
Actions.forward
6 6 0 1 1 
0
82.85714285714286
6 6 0 1 1 
Actions.right
6 6 1 1 1 
0
82.85714285714286
6 6 1 1 1 
Actions.forward
6 7 1 1 1 
0
87.14285714285714
6 7 1 1 1 
Actions.forward
6 8 1 1 1 
0
91.42857142857143
6 8 1 1 1 
Actions.left
6 8 0 1 1 
0
91.42857142857143
6 8 0 1 1 
Actions.forward
7 8 0 1 1 
0
95.71428571428572
7 8 0 1 1 
Actions.forward
8 8 0 1 1 
0.946
100.0
1 1 0 0 0 
Actions.forward
2 1 0 0 0 
0
4.285714285714286
2 1 0 0 0 
Actions.right
2 1 1 0 0 
0
4.285714285714286
2 1 1 0 0 
Actions.forward
2 2 1 0 0 
0
8.571428571428571
2 2 1 0 0 
Actions.left
2 2 0 0 0 
0
8.571428571428571
2 2 0 0 0 
Actions.forward
3 2 0 0 0 
0
12.857142857142858
3 2 0 0 0 
Actions.right
3 2 1 0 0 
0
12.857142857142858
3 2 1 0 0 
Actions.forward
3 3 1 0 0 
0
17.142857142857142
3 3 1 0 0 
Actions.left
3 3 0 0 0 
0
17.142857142857142
3 3 0 0 0 
Actions.forward
4 3 0 0 0 
0
21.428571428571427
4 3 0 0 0 
Actions.right
4 3 1 0 0 
0
21.428571428571427
4 3 1 0 0 
Actions.forward
4 4 1 0 0 
0
25.714285714285715
4 4 1 0 0 
Actions.forward
4 5 1 0 0 
0
30.0
4 5 1 0 0 
Actions.forward
4 6 1 0 0 
0
34.285714285714285
4 6 1 0 0 
Actions.right
4 6 2 0 0 
0
34.285714285714285
4 6 2 0 0 
Actions.pickup
4 6 2 1 0 
0
54.285714285714285
4 6 2 1 0 
Actions.left
4 6 1 1 0 
0
54.285714285714285
4 6 1 1 0 
Actions.left
4 6 0 1 0 
0
54.285714285714285
4 6 0 1 0 
Actions.toggle
4 6 0 1 1 
0
74.28571428571428
4 6 0 1 1 
Actions.forward
5 6 0 1 1 
0
78.57142857142857
5 6 0 1 1 
Actions.forward
6 6 0 1 1 
0
82.85714285714286
6 6 0 1 1 
Actions.forward
7 6 0 1 1 
0
87.14285714285714
7 6 0 1 1 
Actions.forward
8 6 0 1 1 
0
91.42857142857143
8 6 0 1 1 
Actions.right
8 6 1 1 1 
0
91.42857142857143
8 6 1 1 1 
Actions.forward
8 7 1 1 1 
0
95.71428571428572
8 7 1 1 1 
Actions.forward
8 8 1 1 1 
0.94375
100.0
1 1 0 0 0 
Actions.forward
2 1 0 0 0 
0
4.285714285714286
2 1 0 0 0 
Actions.right
2 1 1 0 0 
0
4.285714285714286
2 1 1 0 0 
Actions.forward
2 2 1 0 0 
0
8.571428571428571
2 2 1 0 0 
Actions.forward
2 3 1 0 0 
0
12.857142857142858
2 3 1 0 0 
Actions.left
2 3 0 0 0 
0
12.857142857142858
2 3 0 0 0 
Actions.forward
3 3 0 0 0 
0
17.142857142857142
3 3 0 0 0 
Actions.forward
4 3 0 0 0 
0
21.428571428571427
4 3 0 0 0 
Actions.right
4 3 1 0 0 
0
21.428571428571427
4 3 1 0 0 
Actions.forward
4 4 1 0 0 
0
25.714285714285715
4 4 1 0 0 
Actions.forward
4 5 1 0 0 
0
30.0
4 5 1 0 0 
Actions.right
4 5 2 0 0 
0
30.0
4 5 2 0 0 
Actions.forward
3 5 2 0 0 
0
25.714285714285715
3 5 2 0 0 
Actions.left
3 5 1 0 0 
0
25.714285714285715
3 5 1 0 0 
Actions.pickup
3 5 1 1 0 
0
45.714285714285715
3 5 1 1 0 
Actions.forward
3 6 1 1 0 
0
50.0
3 6 1 1 0 
Actions.left
3 6 0 1 0 
0
50.0
3 6 0 1 0 
Actions.forward
4 6 0 1 0 
0
54.285714285714285
4 6 0 1 0 
Actions.toggle
4 6 0 1 1 
0
74.28571428571428
4 6 0 1 1 
Actions.forward
5 6 0 1 1 
0
78.57142857142857
5 6 0 1 1 
Actions.forward
6 6 0 1 1 
0
82.85714285714286
6 6 0 1 1 
Actions.right
6 6 1 1 1 
0
82.85714285714286
6 6 1 1 1 
Actions.forward
6 7 1 1 1 
0
87.14285714285714
6 7 1 1 1 
Actions.forward
6 8 1 1 1 
0
91.42857142857143
6 8 1 1 1 
Actions.left
6 8 0 1 1 
0
91.42857142857143
6 8 0 1 1 
Actions.forward
7 8 0 1 1 
0
95.71428571428572
7 8 0 1 1 
Actions.forward
8 8 0 1 1 
0.9415
100.0
1 1 0 0 0 
Actions.right
1 1 1 0 0 
0
0.0
1 1 1 0 0 
Actions.forward
1 2 1 0 0 
0
4.285714285714286
1 2 1 0 0 
Actions.forward
1 3 1 0 0 
0
8.571428571428571
1 3 1 0 0 
Actions.left
1 3 0 0 0 
0
8.571428571428571
1 3 0 0 0 
Actions.forward
2 3 0 0 0 
0
12.857142857142858
2 3 0 0 0 
Actions.forward
3 3 0 0 0 
0
17.142857142857142
3 3 0 0 0 
Actions.forward
4 3 0 0 0 
0
21.428571428571427
4 3 0 0 0 
Actions.right
4 3 1 0 0 
0
21.428571428571427
4 3 1 0 0 
Actions.forward
4 4 1 0 0 
0
25.714285714285715
4 4 1 0 0 
Actions.forward
4 5 1 0 0 
0
30.0
4 5 1 0 0 
Actions.forward
4 6 1 0 0 
0
34.285714285714285
4 6 1 0 0 
Actions.right
4 6 2 0 0 
0
34.285714285714285
4 6 2 0 0 
Actions.pickup
4 6 2 1 0 
0
54.285714285714285
4 6 2 1 0 
Actions.left
4 6 1 1 0 
0
54.285714285714285
4 6 1 1 0 
Actions.left
4 6 0 1 0 
0
54.285714285714285
4 6 0 1 0 
Actions.toggle
4 6 0 1 1 
0
74.28571428571428
4 6 0 1 1 
Actions.forward
5 6 0 1 1 
0
78.57142857142857
5 6 0 1 1 
Actions.forward
6 6 0 1 1 
0
82.85714285714286
6 6 0 1 1 
Actions.right
6 6 1 1 1 
0
82.85714285714286
6 6 1 1 1 
Actions.forward
6 7 1 1 1 
0
87.14285714285714
6 7 1 1 1 
Actions.forward
6 8 1 1 1 
0
91.42857142857143
6 8 1 1 1 
Actions.left
6 8 0 1 1 
0
91.42857142857143
6 8 0 1 1 
Actions.forward
7 8 0 1 1 
0
95.71428571428572
7 8 0 1 1 
Actions.forward
8 8 0 1 1 
0.946
100.0
1 1 0 0 0 
Actions.right
1 1 1 0 0 
0
0.0
1 1 1 0 0 
Actions.forward
1 2 1 0 0 
0
4.285714285714286
1 2 1 0 0 
Actions.forward
1 3 1 0 0 
0
8.571428571428571
1 3 1 0 0 
Actions.left
1 3 0 0 0 
0
8.571428571428571
1 3 0 0 0 
Actions.forward
2 3 0 0 0 
0
12.857142857142858
2 3 0 0 0 
Actions.forward
3 3 0 0 0 
0
17.142857142857142
3 3 0 0 0 
Actions.forward
4 3 0 0 0 
0
21.428571428571427
4 3 0 0 0 
Actions.right
4 3 1 0 0 
0
21.428571428571427
4 3 1 0 0 
Actions.forward
4 4 1 0 0 
0
25.714285714285715
4 4 1 0 0 
Actions.forward
4 5 1 0 0 
0
30.0
4 5 1 0 0 
Actions.forward
4 6 1 0 0 
0
34.285714285714285
4 6 1 0 0 
Actions.right
4 6 2 0 0 
0
34.285714285714285
4 6 2 0 0 
Actions.pickup
4 6 2 1 0 
0
54.285714285714285
4 6 2 1 0 
Actions.left
4 6 1 1 0 
0
54.285714285714285
4 6 1 1 0 
Actions.left
4 6 0 1 0 
0
54.285714285714285
4 6 0 1 0 
Actions.toggle
4 6 0 1 1 
0
74.28571428571428
4 6 0 1 1 
Actions.forward
5 6 0 1 1 
0
78.57142857142857
5 6 0 1 1 
Actions.forward
6 6 0 1 1 
0
82.85714285714286
6 6 0 1 1 
Actions.forward
7 6 0 1 1 
0
87.14285714285714
7 6 0 1 1 
Actions.forward
8 6 0 1 1 
0
91.42857142857143
8 6 0 1 1 
Actions.right
8 6 1 1 1 
0
91.42857142857143
8 6 1 1 1 
Actions.forward
8 7 1 1 1 
0
95.71428571428572
8 7 1 1 1 
Actions.forward
8 8 1 1 1 
0.94825
100.0
1 1 0 0 0 
Actions.right
1 1 1 0 0 
0
0.0
1 1 1 0 0 
Actions.forward
1 2 1 0 0 
0
4.285714285714286
1 2 1 0 0 
Actions.forward
1 3 1 0 0 
0
8.571428571428571
1 3 1 0 0 
Actions.left
1 3 0 0 0 
0
8.571428571428571
1 3 0 0 0 
Actions.forward
2 3 0 0 0 
0
12.857142857142858
2 3 0 0 0 
Actions.forward
3 3 0 0 0 
0
17.142857142857142
3 3 0 0 0 
Actions.forward
4 3 0 0 0 
0
21.428571428571427
4 3 0 0 0 
Actions.right
4 3 1 0 0 
0
21.428571428571427
4 3 1 0 0 
Actions.forward
4 4 1 0 0 
0
25.714285714285715
4 4 1 0 0 
Actions.forward
4 5 1 0 0 
0
30.0
4 5 1 0 0 
Actions.right
4 5 2 0 0 
0
30.0
4 5 2 0 0 
Actions.forward
3 5 2 0 0 
0
25.714285714285715
3 5 2 0 0 
Actions.left
3 5 1 0 0 
0
25.714285714285715
3 5 1 0 0 
Actions.pickup
3 5 1 1 0 
0
45.714285714285715
3 5 1 1 0 
Actions.forward
3 6 1 1 0 
0
50.0
3 6 1 1 0 
Actions.left
3 6 0 1 0 
0
50.0
3 6 0 1 0 
Actions.forward
4 6 0 1 0 
0
54.285714285714285
4 6 0 1 0 
Actions.toggle
4 6 0 1 1 
0
74.28571428571428
4 6 0 1 1 
Actions.forward
5 6 0 1 1 
0
78.57142857142857
5 6 0 1 1 
Actions.forward
6 6 0 1 1 
0
82.85714285714286
6 6 0 1 1 
Actions.right
6 6 1 1 1 
0
82.85714285714286
6 6 1 1 1 
Actions.forward
6 7 1 1 1 
0
87.14285714285714
6 7 1 1 1 
Actions.forward
6 8 1 1 1 
0
91.42857142857143
6 8 1 1 1 
Actions.left
6 8 0 1 1 
0
91.42857142857143
6 8 0 1 1 
Actions.forward
7 8 0 1 1 
0
95.71428571428572
7 8 0 1 1 
Actions.forward
8 8 0 1 1 
0.9415
100.0
1 1 0 0 0 
Actions.right
1 1 1 0 0 
0
0.0
1 1 1 0 0 
Actions.forward
1 2 1 0 0 
0
4.285714285714286
1 2 1 0 0 
Actions.forward
1 3 1 0 0 
0
8.571428571428571
1 3 1 0 0 
Actions.forward
1 4 1 0 0 
0
12.857142857142858
1 4 1 0 0 
Actions.forward
1 5 1 0 0 
0
17.142857142857142
1 5 1 0 0 
Actions.forward
1 6 1 0 0 
0
21.428571428571427
1 6 1 0 0 
Actions.forward
1 7 1 0 0 
0
25.714285714285715
1 7 1 0 0 
Actions.right
1 7 2 0 0 
0
25.714285714285715
1 7 2 0 0 
Actions.right
1 7 3 0 0 
0
25.714285714285715
1 7 3 0 0 
Actions.right
1 7 0 0 0 
0
25.714285714285715
1 7 0 0 0 
Actions.forward
2 7 0 0 0 
0
30.0
2 7 0 0 0 
Actions.forward
3 7 0 0 0 
0
34.285714285714285
3 7 0 0 0 
Actions.forward
4 7 0 0 0 
0
38.57142857142857
4 7 0 0 0 
Actions.left
4 7 3 0 0 
0
38.57142857142857
4 7 3 0 0 
Actions.forward
4 6 3 0 0 
0
34.285714285714285
4 6 3 0 0 
Actions.left
4 6 2 0 0 
0
34.285714285714285
4 6 2 0 0 
Actions.pickup
4 6 2 1 0 
0
54.285714285714285
4 6 2 1 0 
Actions.right
4 6 3 1 0 
0
54.285714285714285
4 6 3 1 0 
Actions.right
4 6 0 1 0 
0
54.285714285714285
4 6 0 1 0 
Actions.toggle
4 6 0 1 1 
0
74.28571428571428
4 6 0 1 1 
Actions.forward
5 6 0 1 1 
0
78.57142857142857
5 6 0 1 1 
Actions.forward
6 6 0 1 1 
0
82.85714285714286
6 6 0 1 1 
Actions.right
6 6 1 1 1 
0
82.85714285714286
6 6 1 1 1 
Actions.forward
6 7 1 1 1 
0
87.14285714285714
6 7 1 1 1 
Actions.forward
6 8 1 1 1 
0
91.42857142857143
6 8 1 1 1 
Actions.left
6 8 0 1 1 
0
91.42857142857143
6 8 0 1 1 
Actions.forward
7 8 0 1 1 
0
95.71428571428572
7 8 0 1 1 
Actions.forward
8 8 0 1 1 
0.9369999999999999
100.0
1 1 0 0 0 
Actions.right
1 1 1 0 0 
0
0.0
1 1 1 0 0 
Actions.forward
1 2 1 0 0 
0
4.285714285714286
1 2 1 0 0 
Actions.forward
1 3 1 0 0 
0
8.571428571428571
1 3 1 0 0 
Actions.forward
1 4 1 0 0 
0
12.857142857142858
1 4 1 0 0 
Actions.forward
1 5 1 0 0 
0
17.142857142857142
1 5 1 0 0 
Actions.forward
1 6 1 0 0 
0
21.428571428571427
1 6 1 0 0 
Actions.forward
1 7 1 0 0 
0
25.714285714285715
1 7 1 0 0 
Actions.left
1 7 0 0 0 
0
25.714285714285715
1 7 0 0 0 
Actions.forward
2 7 0 0 0 
0
30.0
2 7 0 0 0 
Actions.forward
3 7 0 0 0 
0
34.285714285714285
3 7 0 0 0 
Actions.forward
4 7 0 0 0 
0
38.57142857142857
4 7 0 0 0 
Actions.left
4 7 3 0 0 
0
38.57142857142857
4 7 3 0 0 
Actions.forward
4 6 3 0 0 
0
34.285714285714285
4 6 3 0 0 
Actions.left
4 6 2 0 0 
0
34.285714285714285
4 6 2 0 0 
Actions.pickup
4 6 2 1 0 
0
54.285714285714285
4 6 2 1 0 
Actions.right
4 6 3 1 0 
0
54.285714285714285
4 6 3 1 0 
Actions.right
4 6 0 1 0 
0
54.285714285714285
4 6 0 1 0 
Actions.toggle
4 6 0 1 1 
0
74.28571428571428
4 6 0 1 1 
Actions.forward
5 6 0 1 1 
0
78.57142857142857
5 6 0 1 1 
Actions.forward
6 6 0 1 1 
0
82.85714285714286
6 6 0 1 1 
Actions.right
6 6 1 1 1 
0
82.85714285714286
6 6 1 1 1 
Actions.forward
6 7 1 1 1 
0
87.14285714285714
6 7 1 1 1 
Actions.forward
6 8 1 1 1 
0
91.42857142857143
6 8 1 1 1 
Actions.left
6 8 0 1 1 
0
91.42857142857143
6 8 0 1 1 
Actions.forward
7 8 0 1 1 
0
95.71428571428572
7 8 0 1 1 
Actions.forward
8 8 0 1 1 
0.9415
100.0
1 1 0 0 0 
Actions.right
1 1 1 0 0 
0
0.0
1 1 1 0 0 
Actions.forward
1 2 1 0 0 
0
4.285714285714286
1 2 1 0 0 
Actions.forward
1 3 1 0 0 
0
8.571428571428571
1 3 1 0 0 
Actions.forward
1 4 1 0 0 
0
12.857142857142858
1 4 1 0 0 
Actions.forward
1 5 1 0 0 
0
17.142857142857142
1 5 1 0 0 
Actions.forward
1 6 1 0 0 
0
21.428571428571427
1 6 1 0 0 
Actions.forward
1 7 1 0 0 
0
25.714285714285715
1 7 1 0 0 
Actions.left
1 7 0 0 0 
0
25.714285714285715
1 7 0 0 0 
Actions.forward
2 7 0 0 0 
0
30.0
2 7 0 0 0 
Actions.forward
3 7 0 0 0 
0
34.285714285714285
3 7 0 0 0 
Actions.right
3 7 1 0 0 
0
34.285714285714285
3 7 1 0 0 
Actions.left
3 7 0 0 0 
0
34.285714285714285
3 7 0 0 0 
Actions.left
3 7 3 0 0 
0
34.285714285714285
3 7 3 0 0 
Actions.pickup
3 7 3 1 0 
0
54.285714285714285
3 7 3 1 0 
Actions.forward
3 6 3 1 0 
0
50.0
3 6 3 1 0 
Actions.right
3 6 0 1 0 
0
50.0
3 6 0 1 0 
Actions.forward
4 6 0 1 0 
0
54.285714285714285
4 6 0 1 0 
Actions.toggle
4 6 0 1 1 
0
74.28571428571428
4 6 0 1 1 
Actions.forward
5 6 0 1 1 
0
78.57142857142857
5 6 0 1 1 
Actions.forward
6 6 0 1 1 
0
82.85714285714286
6 6 0 1 1 
Actions.right
6 6 1 1 1 
0
82.85714285714286
6 6 1 1 1 
Actions.forward
6 7 1 1 1 
0
87.14285714285714
6 7 1 1 1 
Actions.forward
6 8 1 1 1 
0
91.42857142857143
6 8 1 1 1 
Actions.left
6 8 0 1 1 
0
91.42857142857143
6 8 0 1 1 
Actions.forward
7 8 0 1 1 
0
95.71428571428572
7 8 0 1 1 
Actions.forward
8 8 0 1 1 
0.9415
100.0
1 1 0 0 0 
Actions.right
1 1 1 0 0 
0
0.0
1 1 1 0 0 
Actions.forward
1 2 1 0 0 
0
4.285714285714286
1 2 1 0 0 
Actions.left
1 2 0 0 0 
0
4.285714285714286
1 2 0 0 0 
Actions.forward
2 2 0 0 0 
0
8.571428571428571
2 2 0 0 0 
Actions.right
2 2 1 0 0 
0
8.571428571428571
2 2 1 0 0 
Actions.forward
2 3 1 0 0 
0
12.857142857142858
2 3 1 0 0 
Actions.left
2 3 0 0 0 
0
12.857142857142858
2 3 0 0 0 
Actions.forward
3 3 0 0 0 
0
17.142857142857142
3 3 0 0 0 
Actions.forward
4 3 0 0 0 
0
21.428571428571427
4 3 0 0 0 
Actions.right
4 3 1 0 0 
0
21.428571428571427
4 3 1 0 0 
Actions.forward
4 4 1 0 0 
0
25.714285714285715
4 4 1 0 0 
Actions.forward
4 5 1 0 0 
0
30.0
4 5 1 0 0 
Actions.forward
4 6 1 0 0 
0
34.285714285714285
4 6 1 0 0 
Actions.right
4 6 2 0 0 
0
34.285714285714285
4 6 2 0 0 
Actions.pickup
4 6 2 1 0 
0
54.285714285714285
4 6 2 1 0 
Actions.left
4 6 1 1 0 
0
54.285714285714285
4 6 1 1 0 
Actions.left
4 6 0 1 0 
0
54.285714285714285
4 6 0 1 0 
Actions.toggle
4 6 0 1 1 
0
74.28571428571428
4 6 0 1 1 
Actions.forward
5 6 0 1 1 
0
78.57142857142857
5 6 0 1 1 
Actions.forward
6 6 0 1 1 
0
82.85714285714286
6 6 0 1 1 
Actions.right
6 6 1 1 1 
0
82.85714285714286
6 6 1 1 1 
Actions.forward
6 7 1 1 1 
0
87.14285714285714
6 7 1 1 1 
Actions.forward
6 8 1 1 1 
0
91.42857142857143
6 8 1 1 1 
Actions.left
6 8 0 1 1 
0
91.42857142857143
6 8 0 1 1 
Actions.forward
7 8 0 1 1 
0
95.71428571428572
7 8 0 1 1 
Actions.forward
8 8 0 1 1 
0.9415
100.0
